 1100 875 0.16349099576473236 1.4322689912421831 1.2183876178930582 1.7404347273221557 1.54296875 2.4101667404174805 1.0079939365386963
 750 300 2.2658500671386719 0.0098355975837390863 0.0086203962286259088 0.011747934886962009 0.01318359375 0.022852862253785133 0.0078020095825195312
 1100 100 0.16349099576473236 0.025056496557477045 0.021092906793715494 0.030175412091327427 0.02490234375 0.041181281208992004 0.014943838119506836
 1850 1050 0.0021234499290585518 1.6401741907565663 1.2722292972978082 2.3032694229713524 1.48828125 2.5205106735229492 0.88053876161575317
 2250 200 0 10.326852820308003 10.326852820308003 10.326852820308003 6.90625 11.806342124938965 4.125666618347168
 900 500 0.67747801542282104 0.03643437526972558 0.031404866864295264 0.043497097740365954 0.04833984375 0.084949932992458344 0.029226958751678467
 1000 700 0.32538801431655884 0.2002218972495681 0.17116078008629326 0.24018337348256574 0.2568359375 0.48001539707183838 0.14575858414173126
 1600 850 0.008100779727101326 0.50673531959993756 0.4083682691653478 0.66898661684592164 0.470703125 0.79716938734054565 0.27969005703926086
 900 100 0.67747801542282104 0.0096131099096391642 0.0081718311510812023 0.011429509290881096 0.01025390625 0.017120487987995148 0.0060682296752929688
 1600 900 0.008100779727101326 0.53377214142096441 0.4293787810593962 0.7032793740565515 0.541015625 0.92487466335296631 0.3221588134765625
 1550 1300 0.010702700354158878 8.9303659176451369 7.2351819851964922 11.678289800009976 11.90625 19.404743194580078 6.8167624473571777
 2100 1 0 4.8003739123153055 4.8003739123153055 4.8003739123153055 3.265625 5.4785017967224121 1.9706813097000122
 950 350 0.46635198593139648 0.018536278138438497 0.015999647312093978 0.02195750667661427 0.02001953125 0.03374490886926651 0.01277613639831543
 1900 950 0.0016354699619114399 1.5781591839637246 1.2173434205107341 2.2564264960399836 1.46484375 2.5041732788085938 0.86667203903198242
 1350 500 0.034018699079751968 0.10757232752948126 0.089239401942241975 0.13501864181998205 0.09912109375 0.16786865890026093 0.059201017022132874
 850 600 0.99613702297210693 0.12225554242865289 0.10605416974978883 0.14484259934972668 0.19091796875 0.33550933003425598 0.10501566529273987
 2150 200 0 5.6274256945589354 5.6274256945589354 5.6274256945589354 3.828125 6.4221668243408203 2.2844126224517822
 1750 850 0.0035984199494123459 0.79349505527130959 0.62382632608944721 1.088928747694395 0.740234375 1.2595410346984863 0.43795827031135559
 1400 600 0.025297699496150017 0.14239079168523811 0.11764065797477916 0.17973393957044642 0.14013671875 0.23956590890884399 0.083179444074630737
 1800 1050 0.0027613299898803234 1.4330678538004549 1.1203154068152683 1.9938022680511609 1.30859375 2.1953325271606445 0.78256344795227051
 1250 900 0.06270270049571991 0.38359200428942114 0.32228216276997923 0.47226248587356195 0.513671875 0.94365066289901733 0.29218733310699463
 850 350 0.99613702297210693 0.014480798433733282 0.012453287609763317 0.017045956688212374 0.01708984375 0.029351595789194107 0.010606050491333008
 1850 100 0.0021234499290585518 1.1953926529161281 0.92754429305151176 1.6822586070019945 0.92578125 1.5678766965866089 0.55009579658508301
 1000 600 0.32538801431655884 0.064767097587278583 0.055258233953406038 0.077593110444765301 0.08544921875 0.14880160987377167 0.051035359501838684
 1050 400 0.22936700284481049 0.028361407464598774 0.024423348883324328 0.034477223883930139 0.03076171875 0.050870992243289948 0.018752932548522949
 1600 1100 0.008100779727101326 1.1560895986734601 0.92829233974492387 1.5263463640032306 1.20703125 2.063438892364502 0.72182720899581909
 1650 650 0.0061607197858393192 0.43741806135823252 0.34892011847025356 0.58452483593685767 0.400390625 0.67809015512466431 0.23816570639610291
 1600 1200 0.008100779727101326 1.9502821007075761 1.5721713416748657 2.5784182405142242 2.5234375 4.5150265693664551 1.4578708410263062
 1550 300 0.010702700354158878 0.22033752923277458 0.17807683778111064 0.28736523248412177 0.2041015625 0.34891480207443237 0.12114637345075607
 1700 1100 0.0047032302245497704 1.3384102718752842 1.0613705227264651 1.8108665649505353 1.27734375 2.1836390495300293 0.76062041521072388
 1150 400 0.11768700182437897 0.040997918694157282 0.034736430910848839 0.049789349925536408 0.04052734375 0.068635955452919006 0.024909079074859619
 1450 1 0.018888700753450394 0.1343205334369339 0.11010311728938645 0.17176870575692171 0.12451171875 0.21483996510505676 0.074063725769519806
 2000 1050 0.00098107696976512671 3.3029515939350005 2.5053086835339915 4.8450942639153638 2.4453125 4.1413116455078125 1.4436489343643188
 1850 200 0.0021234499290585518 1.242562013554408 0.96439778027953726 1.7526722592745763 0.92578125 1.5826375484466553 0.55009579658508301
 1450 500 0.018888700753450394 0.15548782535915667 0.12732558308132752 0.19926300885169737 0.15185546875 0.25959929823875427 0.089748263359069824
 1250 350 0.06270270049571991 0.056319048856757148 0.047399091737590097 0.069546489883830401 0.05517578125 0.093444131314754486 0.032561928033828735
 1250 400 0.06270270049571991 0.059514762435667327 0.049835958167806588 0.073329455704178176 0.05712890625 0.096751883625984192 0.034265488386154175
 1600 500 0.008100779727101326 0.34025992240699016 0.27390198197444793 0.4495303920607166 0.2880859375 0.49248740077018738 0.17044550180435181
 1600 300 0.008100779727101326 0.32622643319907318 0.26297249398933159 0.43130597902371615 0.2724609375 0.4657762348651886 0.16120100021362305
 1950 1550 0.0012641999637708068 13.110716152922068 10.069226862697732 18.889446079629902 15.8125 28.544418334960938 9.0436420440673828
 1100 750 0.16349099576473236 0.19384207329460973 0.16444131461024888 0.23492870178509664 0.2314453125 0.41780060529708862 0.13326576352119446
 1300 1050 0.046052500605583191 2.6239985210486103 2.1900395739040697 3.2651396873268852 3.328125 5.1721057891845703 2.1436078548431396
 1450 750 0.018888700753450394 0.24361648405267836 0.20008699697654042 0.31184922690496242 0.2412109375 0.41235387325286865 0.14199888706207275
 2250 500 0 8.7660386849349994 8.7660386849349994 8.7660386849349994 6.28125 10.63774585723877 3.7563047409057617
 1550 1 0.010702700354158878 0.27743348723164868 0.22516263497670669 0.36349026169411552 0.2119140625 0.36227041482925415 0.12578356266021729
 1450 700 0.018888700753450394 0.20269393385627704 0.16592894921920492 0.25920661657248956 0.2099609375 0.35558384656906128 0.12462425976991653
 2300 1000 0 10.254196236646717 10.25445267352641 10.25445267352641 8.34375 14.130736351013184 4.9684562683105469
 1750 1525 0.0035984199494123459 44.387643946182372 34.92945792898476 60.911285421919942 54.25 86.037696838378906 34.274200439453125
 1950 1 0.0012641999637708068 1.8942859771918861 1.4520826255572816 2.7235256695547871 1.50390625 2.5469727516174316 0.89361554384231567
 2300 1600 0 20.560756190096228 20.605063900012162 20.605063900012162 17.6875 30.237056732177734 10.476043701171875
 1600 1 0.008100779727101326 0.30024611925864353 0.24128721388961183 0.39658251966332969 0.2763671875 0.4724540114402771 0.16404029726982117
 1450 300 0.018888700753450394 0.14099588052910983 0.11561234641942152 0.18032994258742321 0.12744140625 0.21583113074302673 0.075806401669979095
 1050 500 0.22936700284481049 0.04036584996464132 0.034661985251319881 0.04880055829045838 0.04443359375 0.074543006718158722 0.026474654674530029
 1000 300 0.32538801431655884 0.020011518569597472 0.016897817754283066 0.023828375879849505 0.02001953125 0.03374490886926651 0.012013673782348633
 1500 700 0.014190300367772579 0.24557685540749766 0.20041966719127485 0.31822484982846216 0.240234375 0.41068440675735474 0.14228725433349609
 900 650 0.67747801542282104 0.20985607430369152 0.18071813802075901 0.24912594603766758 0.2822265625 0.4644712507724762 0.16051593422889709
 1550 1050 0.010702700354158878 0.84728191566203115 0.68492729450570355 1.1075199081490279 0.97265625 1.6627711057662964 0.57918804883956909
 800 1 1.4890999794006348 0.0060792885858778007 0.0052061618545030126 0.0071161471079705645 0.00732421875 0.011528247967362404 0.0044918060302734375
 850 450 0.99613702297210693 0.027729486364233731 0.023909304573469955 0.032724808505943413 0.03564453125 0.060934882611036301 0.02123790979385376
 2250 1600 0 18.12623100880419 18.126302019777022 18.126302019777022 16.1875 27.156591415405273 9.7216758728027344
 1100 400 0.16349099576473236 0.034605963152643936 0.029227294324068072 0.041986385997685831 0.03466796875 0.058712683618068695 0.021307766437530518
 1150 450 0.11768700182437897 0.045111924585668414 0.038008572395033927 0.054811814399969676 0.0458984375 0.077000468969345093 0.027750849723815918
 1200 200 0.085641801357269287 0.039157238246277926 0.032895014232530974 0.047782863103992365 0.03857421875 0.065328195691108704 0.023322522640228271
 1750 600 0.0035984199494123459 0.73234026907262073 0.57771213999387339 1.0080707988503093 0.607421875 1.0383971929550171 0.35860607028007507
 2300 400 0 11.516664040791198 11.544102110690096 11.544102110690096 8.15625 13.683147430419922 4.8983736038208008
 1700 1475 0.0047032302245497704 80.846639968585166 64.254066961445233 109.41258117669739 53.25 81.9046630859375 37.631134033203125
 1950 1250 0.0012641999637708068 3.2415153606344984 2.4845965077229932 4.6610245726461947 3.0546875 5.1246271133422852 1.830652117729187
 1550 900 0.010702700354158878 0.44305253147340073 0.35809640393829806 0.57966886649862015 0.447265625 0.75747627019882202 0.26804304122924805
 1700 850 0.0047032302245497704 0.63159378081100515 0.50019341980889132 0.85464382490941404 0.591796875 1.0116859674453735 0.34975850582122803
 2250 300 0 8.9313191682513047 8.9313191682513047 8.9313191682513047 6.28125 10.587671279907227 3.7873342037200928
 1350 700 0.034018699079751968 0.16197383661126219 0.13467202674845827 0.203301641495513 0.16064453125 0.2720629870891571 0.096375443041324615
 2000 1500 0.00098107696976512671 9.9150711259563682 7.5199779145676171 14.578180919907 10.46875 17.729576110839844 6.2871842384338379
 1500 100 0.014190300367772579 0.19124496428461601 0.15571417491491507 0.24703810925077849 0.16748046875 0.28364014625549316 0.099196195602416992
 1700 700 0.0047032302245497704 0.57316470746097981 0.45459158525121635 0.77633696549393894 0.525390625 0.89816349744796753 0.31017696857452393
 2100 1100 0 4.3661530567352358 4.3661530567352358 4.3661530567352358 3.859375 6.5976619720458984 2.2735574245452881
 1450 800 0.018888700753450394 0.31414604356001852 0.25716600848571713 0.40260288515268272 0.2802734375 0.47019436955451965 0.16832293570041656
 1600 200 0.008100779727101326 0.3981740115347101 0.3205097536605831 0.52576099761337858 0.2763671875 0.46804758906364441 0.16421636939048767
 1950 1350 0.0012641999637708068 4.9469829455636338 3.7903530065501796 7.1115102928479805 4.796875 8.1238508224487305 2.8686206340789795
 2250 600 0 9.4800281030456617 9.4800281030456617 9.4800281030456617 6.34375 10.642448425292969 3.7896394729614258
 1850 400 0.0021234499290585518 1.1025233631409022 0.85549423120372048 1.550401868233001 0.89453125 1.5292150974273682 0.53038746118545532
 2150 1100 0 5.1868056026260199 5.1868056026260199 5.1868056026260199 4.640625 7.9332208633422852 2.754486083984375
 2100 1600 0 16.580936533852515 16.596570790106508 16.596570790106508 16.6875 28.527542114257812 10.000698089599609
 1200 750 0.085641801357269287 0.15703142833340772 0.1325869858113064 0.19276152427441468 0.19384765625 0.33447635173797607 0.11461639404296875
 1550 800 0.010702700354158878 0.36851534633760125 0.29908095860760686 0.48213695044677568 0.3544921875 0.59470576047897339 0.21176710724830627
 1750 1350 0.0035984199494123459 4.2857708595786548 3.3707728442979374 5.8701497616255915 5.109375 9.2233448028564453 2.9254984855651855
 1400 100 0.025297699496150017 0.11320333478180974 0.093450557193197697 0.1428521297802427 0.10107421875 0.17117641866207123 0.059386655688285828
 1650 1200 0.0061607197858393192 1.8450311901611245 1.4713610596500439 2.4617950517709444 2.2265625 3.9128453731536865 1.2992753982543945
 1750 1150 0.0035984199494123459 1.7036680862637796 1.3397523394821131 2.3387170081710167 1.6328125 2.817352294921875 0.9733317494392395
 1750 500 0.0035984199494123459 0.74938055445201057 0.58910378859825452 1.0265303829851298 0.587890625 1.0050082206726074 0.34744983911514282
 1500 500 0.014190300367772579 0.19490102382250823 0.15871345298461373 0.25175605640776327 0.18701171875 0.31969946622848511 0.11006799340248108
 1700 1050 0.0047032302245497704 1.1065268468180807 0.87736740834351734 1.4974777596022815 1.01953125 1.7429045438766479 0.60775017738342285
 2250 1550 0 15.258172397392547 15.264210646491341 15.264210646491341 13.953125 23.408143997192383 8.326451301574707
 1350 900 0.034018699079751968 0.37079248533646503 0.30831903557382545 0.46574657672293895 0.462890625 0.81345999240875244 0.2744581401348114
 1950 900 0.0012641999637708068 2.2242160258940564 1.7049466834935623 3.1982550409593631 1.7265625 2.9240570068359375 1.0259170532226562
 2250 700 0 9.0373980567535437 9.0373980567535437 9.0373980567535437 6.40625 10.747300148010254 3.814732551574707
 2150 1600 0 17.666368357331102 17.674643734263242 17.674643734263242 17.3125 29.043922424316406 10.397314071655273
 1800 950 0.0027613299898803234 1.1318401376274727 0.8836124056993061 1.574722095339014 1.04296875 1.7663420438766479 0.6197282075881958
 800 200 1.4890999794006348 0.0074978135680771399 0.006704878775431646 0.0090466190488669839 0.00830078125 0.014388838782906532 0.0055284500122070312
 1000 750 0.32538801431655884 0.3461829141365258 0.29692066729551436 0.41664365710319023 0.544921875 0.87073415517807007 0.32400467991828918
 1300 600 0.046052500605583191 0.1063064230877265 0.08868755027389856 0.13234563803358235 0.10693359375 0.18109968304634094 0.063607670366764069
 2300 1100 0 10.118340995337769 10.118451787696127 10.118451787696127 8.53125 14.584304809570312 5.069237232208252
 1700 100 0.0047032302245497704 0.51839987948684474 0.41086884177019467 0.69987170873124716 0.431640625 0.7378963828086853 0.25537934899330139
 1150 700 0.11768700182437897 0.11957477320829941 0.10142660312508137 0.14618064148637669 0.1494140625 0.25780797004699707 0.089066840708255768
 1800 1200 0.0027613299898803234 2.4679148074600352 1.9262933237673832 3.4330030299160224 2.2578125 3.8597657680511475 1.3415838479995728
 2100 1150 0 4.8342280811637828 4.8342280811637828 4.8342280811637828 3.953125 6.7579288482666016 2.3413772583007812
 1950 500 0.0012641999637708068 2.1145272958734727 1.6211067723435972 3.0369478170434974 1.51953125 2.5734348297119141 0.90659224987030029
 2200 700 0 6.6078790733720751 6.6078790733720751 6.6078790733720751 4.890625 8.282623291015625 2.9184536933898926
 1650 1100 0.0061607197858393192 1.2898020860481423 1.0304061643692983 1.7230066821469456 1.29296875 2.2103502750396729 0.77486681938171387
 1300 950 0.046052500605583191 0.54479825898295431 0.45522766618790783 0.67678335606698281 0.724609375 1.3427107334136963 0.40933695435523987
 2000 700 0.00098107696976512671 2.4062449236206369 1.8251042068010108 3.5233861713747379 1.8359375 3.138563871383667 1.0862289667129517
 1550 950 0.010702700354158878 0.58647796445965339 0.47413744486969689 0.76694340982697484 0.576171875 0.98497480154037476 0.34419447183609009
 900 550 0.67747801542282104 0.053816521704256784 0.046636159967055203 0.064212243571993566 0.06982421875 0.12493204325437546 0.04066331684589386
 2100 1450 0 8.4126938126973982 8.412247962344308 8.412247962344308 7.90625 13.389799118041992 4.7381582260131836
 1600 1150 0.008100779727101326 1.3591247867146989 1.0955722107494481 1.7974654390015294 1.6640625 2.9243371486663818 0.97103744745254517
 2300 700 0 11.925276363403222 11.922542114830293 11.922542114830293 8.09375 13.578295707702637 4.8299012184143066
 1700 900 0.0047032302245497704 0.7164999955483804 0.56918971323632561 0.97024395298240507 0.673828125 1.1519197225570679 0.40124472975730896
 900 675 0.67747801542282104 0.34393377097804523 0.29721847675257018 0.40958322202311415 0.466796875 0.76078307628631592 0.28507757186889648
 750 450 2.2658500671386719 0.049004945300952618 0.042965271076040347 0.05732987016385685 0.05810546875 0.10674375295639038 0.033687978982925415
 1400 200 0.025297699496150017 0.11340858585322758 0.093595545238406089 0.14338252518034156 0.10302734375 0.17448416352272034 0.061534062027931213
 1000 200 0.32538801431655884 0.016224144695353653 0.013844901840757191 0.019243802965636703 0.01708984375 0.028261663392186165 0.010255575180053711
 1000 100 0.32538801431655884 0.01543639346754557 0.012953241598485755 0.018454896782513087 0.01513671875 0.026238471269607544 0.0092387199401855469
 850 625 0.99613702297210693 0.27546290647204907 0.23867123667382281 0.32575988463876082 0.3232421875 0.52166461944580078 0.19914960861206055
 1850 1 0.0021234499290585518 1.3570799491977541 1.0547307879243193 1.9130689361322768 0.9609375 1.6274163722991943 0.56976115703582764
 1900 1550 0.0016354699619114399 14.162591713260355 10.902411531469678 20.204606287940972 19.125 34.829013824462891 10.816323280334473
 2150 1 0 5.2081162959919789 5.2081162959919789 5.2081162959919789 4.046875 6.8536720275878906 2.4395890235900879
 1850 1250 0.0021234499290585518 2.9348938567822396 2.2767444945045909 4.1284010014473651 2.8359375 4.8028626441955566 1.6923302412033081
 1100 600 0.16349099576473236 0.069056307590294894 0.058918436002392521 0.083900152118119006 0.08154296875 0.13809885084629059 0.049321949481964111
 2050 1000 0 3.9024878495178101 3.9024878495178101 3.9024878495178101 2.9296875 4.9616351127624512 1.7352104187011719
 1050 700 0.22936700284481049 0.12664701205279186 0.1082037994350792 0.15291682292671718 0.16650390625 0.30056962370872498 0.096301987767219543
 1950 800 0.0012641999637708068 1.8948467432899225 1.4524585204622402 2.7207329602485935 1.6640625 2.8447408676147461 0.98347932100296021
 1050 800 0.22936700284481049 0.61748827253717609 0.52799100863831705 0.74749948214275508 0.80859375 1.2823878526687622 0.49127781391143799
 2250 1000 0 8.4667914252830894 8.4667914252830894 8.4667914252830894 6.53125 11.165273666381836 3.864201545715332
 950 700 0.46635198593139648 0.27421358216659553 0.23540483778542237 0.32728440279466586 0.423828125 0.67723768949508667 0.24750253558158875
 1850 800 0.0021234499290585518 1.396488329985031 1.0836508658550914 1.9695563947673103 1.0703125 1.8297159671783447 0.63188469409942627
 1000 500 0.32538801431655884 0.036224387453812068 0.03098281408964949 0.043696478728644406 0.04248046875 0.071266390383243561 0.025310933589935303
 2250 1200 0 9.2618554273991336 9.261536853283399 9.261536853283399 7.40625 12.661100387573242 4.3724575042724609
 2050 600 0 3.1967374665106587 3.1967374665106587 3.1967374665106587 2.3515625 3.982539176940918 1.3972897529602051
 1100 850 0.16349099576473236 0.66502695311209625 0.56600474803596079 0.80882936685564322 1.01953125 1.7266490459442139 0.55729556083679199
 1600 600 0.008100779727101326 0.33199634823914137 0.26762553072824202 0.43901747796490603 0.3056640625 0.52741104364395142 0.18084555864334106
 2000 800 0.00098107696976512671 2.3480591089629357 1.7773444880366862 3.4448105709611485 2.0234375 3.4590981006622314 1.1958739757537842
 1000 400 0.32538801431655884 0.024554005978079135 0.020816464664016675 0.029230241716010259 0.02587890625 0.043621469289064407 0.016060590744018555
 650 400 5.6004800796508789 0.039188498827616984 0.034671346107652712 0.045553259493206752 0.06005859375 0.11511970311403275 0.033588677644729614
 1350 100 0.034018699079751968 0.083237794831688527 0.069140809950273996 0.10461896467462749 0.0791015625 0.13522535562515259 0.046843439340591431
 1650 900 0.0061607197858393192 0.68389669282264975 0.54747593336921629 0.91395479713997851 0.615234375 1.0419434309005737 0.36635386943817139
 1300 350 0.046052500605583191 0.07169259758651042 0.060149337016280884 0.089255313573828404 0.06982421875 0.11825230717658997 0.041025564074516296
 800 550 1.4890999794006348 0.096481030741104229 0.083729878231466257 0.11347319785002201 0.14697265625 0.26531219482421875 0.081599026918411255
 2200 400 0 6.1606830461424105 6.1606830461424105 6.1606830461424105 4.953125 8.4674444198608398 2.9557502269744873
 2150 1250 0 6.1704889710905686 6.1704889710905686 6.1704889710905686 5.328125 9.1934652328491211 3.1320092678070068
 2100 600 0 3.7550962419514962 3.7550962419514962 3.7550962419514962 2.9765625 5.1359391212463379 1.7595219612121582
 1800 1150 0.0027613299898803234 1.7878006634252941 1.3980200297598311 2.4912669521264337 1.7890625 3.0584301948547363 1.0630543231964111
 1900 1300 0.0016354699619114399 5.1768175108914951 3.9851255453213787 7.3816207472949982 3.890625 6.5890512466430664 2.3018808364868164
 700 1 3.5250999927520752 0.0039854874402094342 0.0035444251343347694 0.0048202696834979851 0.00537109375 0.0084540490061044693 0.003482818603515625
 1750 750 0.0035984199494123459 0.77770280402018421 0.61044088996455481 1.0672882206106864 0.689453125 1.1786309480667114 0.40659597516059875
 2100 1300 0 5.2736012959530782 5.2736012959530782 5.2736012959530782 4.890625 8.282623291015625 2.9122226238250732
 1100 700 0.16349099576473236 0.12890732187836837 0.10950170569125682 0.15641738387459142 0.16162109375 0.28660145401954651 0.094311445951461792
 1850 1600 0.0021234499290585518 70.111672770240602 54.398935230307139 98.888774017194308 66.25 102.95647430419922 43.129318237304688
 2000 900 0.00098107696976512671 2.6071414931212167 1.9776171091755075 3.8316943850922565 2.1640625 3.664994478225708 1.276227593421936
 2050 200 0 3.1074855302855178 3.1074855302855178 3.1074855302855178 2.4140625 4.0883874893188477 1.4405785799026489
 1700 600 0.0047032302245497704 0.54474268072131748 0.43189685518277143 0.73552535104358574 0.478515625 0.81040042638778687 0.28341770172119141
 2150 1400 0 7.9477497183906651 7.9311660299645146 7.9311660299645146 7.34375 12.671345710754395 4.3402376174926758
 1550 1325 0.010702700354158878 31.5993520119073 25.513697969204728 41.29016771957329 23.5625 36.617538452148438 16.053787231445312
 1900 200 0.0016354699619114399 1.5174426710035096 1.1681476194254705 2.1653027073258819 1.12890625 1.9208831787109375 0.66935360431671143
 1600 950 0.008100779727101326 0.64706572452385014 0.51981752745770349 0.85441550276970202 0.65234375 1.0943896770477295 0.3901137113571167
 2050 1300 0 4.7926500840548272 4.7926500840548272 4.7926500840548272 4.421875 7.4887614250183105 2.6274619102478027
 1900 1200 0.0016354699619114399 2.7247330356219486 2.09695317179728 3.8871817724487463 2.4453125 4.1802997589111328 1.4529956579208374
 1950 1100 0.0012641999637708068 2.4890252430461657 1.9079416498391559 3.578465114893413 2.3046875 3.9031529426574707 1.3635640144348145
 1950 1400 0.0012641999637708068 6.4970559247863058 4.9728112681125189 9.3242100193518951 6.40625 11.155869483947754 3.790245532989502
 1150 650 0.11768700182437897 0.096882557568943456 0.081895108114091231 0.11802114359432501 0.11083984375 0.18771520256996155 0.066496126353740692
 1500 200 0.014190300367772579 0.18235612977969418 0.14872152411308251 0.23641781026885261 0.16552734375 0.28297159075737 0.097617588937282562
 700 450 3.5250999927520752 0.065246241494090668 0.057000928395789449 0.075917533854629377 0.07666015625 0.15060825645923615 0.042669817805290222
 1400 300 0.025297699496150017 0.10162911106606755 0.083905994627138727 0.12831379420612754 0.10009765625 0.17111851274967194 0.059277191758155823
 1700 1150 0.0047032302245497704 1.6419714738067988 1.3033568321550135 2.2237737286799928 1.6640625 2.8712730407714844 0.9951404333114624
 800 100 1.4890999794006348 0.0061949568619874846 0.0055040877866697384 0.0072536620388076751 0.00732421875 0.011528247967362404 0.0044918060302734375
 2150 1450 0 8.9819479364892967 8.996655201572743 8.996655201572743 8.34375 14.396804809570312 4.8742427825927734
 1900 700 0.0016354699619114399 1.3409501309580463 1.0345481314052614 1.9169376006973964 1.23828125 2.11686110496521 0.73262673616409302
 1350 450 0.034018699079751968 0.09223017049315696 0.07670520022949244 0.11584470990008347 0.09130859375 0.15463763475418091 0.053648814558982849
 2050 1050 0 4.0973265179683871 4.0973265179683871 4.0973265179683871 2.9765625 5.0410213470458984 1.7610775232315063
 2200 1200 0 6.9555060847900805 6.9555060847900805 6.9555060847900805 6.046875 10.337226867675781 3.5737700462341309
 1750 1300 0.0035984199494123459 3.3049387199481783 2.5992877042322369 4.531028496548215 3.921875 6.8295688629150391 2.3353605270385742
 1800 1500 0.0027613299898803234 16.542859630715164 12.917078120930736 23.002207040873465 26.625 45.728111267089844 14.729452133178711
 1500 800 0.014190300367772579 0.34786225932965364 0.28388206910363317 0.45092760052466829 0.3271484375 0.5592653751373291 0.19397357106208801
 600 1 9.2035303115844727 0.0030170865069625776 0.0028836994265673471 0.0036520469056815683 0.00439453125 0.0069169490598142147 0.002849578857421875
 2050 400 0 3.4429709099313262 3.4429709099313262 3.4429709099313262 2.3984375 4.0619254112243652 1.431254506111145
 1900 1050 0.0016354699619114399 1.9866216042388636 1.5291321797717095 2.8342591327292057 1.7265625 2.9240570068359375 1.0237172842025757
 1300 750 0.046052500605583191 0.18714913109767184 0.15643054040163012 0.23238486395633348 0.1962890625 0.33242955803871155 0.1189756840467453
 1350 400 0.034018699079751968 0.093742283683548366 0.077904757542949829 0.11784552125541528 0.08935546875 0.15275457501411438 0.053368404507637024
 1700 500 0.0047032302245497704 0.47723821851184206 0.37923533542778598 0.64657531507494481 0.455078125 0.77796316146850586 0.26755005121231079
 1000 450 0.32538801431655884 0.030644498090778648 0.02640748402589185 0.037052257124208322 0.03369140625 0.057058803737163544 0.020707547664642334
 2100 1400 0 6.7209184833883047 6.7209184833883047 6.7209184833883047 6.40625 10.951584815979004 3.7671761512756348
 1100 300 0.16349099576473236 0.028933092809554025 0.024804160156693802 0.035322846210113099 0.02880859375 0.0476410873234272 0.017013669013977051
 1150 900 0.11768700182437897 0.88445812690042569 0.74766593754834221 1.0798538471724064 1.21484375 2.057424783706665 0.66966927051544189
 650 300 5.6004800796508789 0.015660947543563064 0.013712609548495461 0.018132608713521146 0.02099609375 0.036730062216520309 0.012599706649780273
 1850 1100 0.0021234499290585518 1.78735166806345 1.3843393236406847 2.5155784463517228 1.6953125 2.8711328506469727 1.009508490562439
 1350 800 0.034018699079751968 0.23981300396923355 0.19966148039756382 0.30089527271061456 0.2412109375 0.40850797295570374 0.14677628874778748
 1650 100 0.0061607197858393192 0.46317353076061613 0.3702484597936968 0.6174066120420677 0.3447265625 0.58381909132003784 0.20439603924751282
 1450 900 0.018888700753450394 0.43683023500355289 0.35752301629890637 0.55972627889772264 0.439453125 0.74424529075622559 0.26336106657981873
 1300 900 0.046052500605583191 0.38801553276719214 0.32410169730317884 0.4819456309982354 0.498046875 0.87524175643920898 0.29030632972717285
 1100 200 0.16349099576473236 0.025376328654278753 0.021364602208528601 0.03057553454684268 0.02587890625 0.042796231806278229 0.015529870986938477
 900 400 0.67747801542282104 0.020377036662078116 0.017500923749295259 0.024456056849100637 0.02392578125 0.041092235594987869 0.014357805252075195
 1950 950 0.0012641999637708068 2.4879425864455769 1.9071247804744056 3.5770269391427028 1.8046875 3.0851414203643799 1.0677399635314941
 1400 400 0.025297699496150017 0.10644571829749983 0.087869916318874502 0.13463208232262919 0.10498046875 0.17946575582027435 0.062191188335418701
 1200 700 0.085641801357269287 0.12325769745823276 0.10416437446163042 0.15135433976169824 0.14111328125 0.23898541927337646 0.085377238690853119
 1150 300 0.11768700182437897 0.034861872783926148 0.0028125 0.042524359882515357 0.03369140625 0.057595986872911453 0.020370304584503174
 2000 100 0.00098107696976512671 2.4449000501199554 1.8546000108171843 3.5807961551572678 1.8359375 3.138563871383667 1.0862289667129517
 2200 500 0 7.5815847805386429 7.5815847805386429 7.5815847805386429 4.984375 8.3619232177734375 3.011019229888916
 1950 1050 0.0012641999637708068 2.3131206851313171 1.77290246996778 3.3256302827803412 2.0390625 3.4858090877532959 1.2064074277877808
 1800 1450 0.0027613299898803234 10.416508564091087 8.1194370906018314 14.493787218486863 12.34375 22.676321029663086 7.0213837623596191
 1150 550 0.11768700182437897 0.059837857703274343 0.050472442114406005 0.072968291316185568 0.06396484375 0.10832903534173965 0.039013713598251343
 1000 350 0.32538801431655884 0.021895772138289981 0.018903540330471518 0.026529029358933229 0.02294921875 0.037951376289129257 0.013771772384643555
 1350 650 0.034018699079751968 0.15773754738191109 0.1308726508023903 0.19801788341982285 0.14404296875 0.24165041744709015 0.08623214066028595
 1350 1000 0.034018699079751968 0.67024471719793344 0.55790856004768874 0.84240684611601757 0.84765625 1.5572030544281006 0.47331762313842773
 1500 1000 0.014190300367772579 0.58925268983702817 0.47947500304932855 0.76311879583900843 0.716796875 1.2253754138946533 0.42820125818252563
 1450 1050 0.018888700753450394 0.93832085918449704 0.77085791250789415 1.2038527815424347 1.10546875 1.9603192806243896 0.64151549339294434
 1450 600 0.018888700753450394 0.16504682495980469 0.13554951603818891 0.21177063578565911 0.16455078125 0.28130212426185608 0.097880296409130096
 1550 1250 0.010702700354158878 4.239545857405 3.4338603260057408 5.5407675220558446 6.046875 11.204938888549805 3.3764779567718506
 1650 400 0.0061607197858393192 0.37834912215102401 0.30300868963758631 0.50582948040117692 0.3388671875 0.57929873466491699 0.20092187821865082
 2100 800 0 4.3939584048572087 4.3939584048572087 4.3939584048572087 3.171875 5.4223699569702148 1.8847165107727051
 1700 1450 0.0047032302245497704 33.581418940976612 26.601476572145081 45.476571756711749 35.125 54.30633544921875 23.385759353637695
 1700 1200 0.0047032302245497704 2.070225722663718 1.6456940642324978 2.8014812642715343 2.265625 3.9092447757720947 1.3433394432067871
 1300 200 0.046052500605583191 0.065208485769420024 0.054302603091511012 0.081098128517611515 0.06201171875 0.10601000487804413 0.037194162607192993
 600 200 9.2035303115844727 0.0071837142351056354 0.0065290045752506064 0.0083782411180379282 0.01025390625 0.017120487987995148 0.0060682296752929688
 2100 500 0 4.8716648607545201 4.8716648607545201 4.8716648607545201 3.1015625 5.2032656669616699 1.8508404493331909
 2250 800 0 8.88639460524508 8.88639460524508 8.88639460524508 6.25 10.584821701049805 3.7336349487304688
 1350 300 0.034018699079751968 0.086791899313038448 0.072330309562798303 0.10909595868899825 0.08251953125 0.13975271582603455 0.048484757542610168
 1400 500 0.025297699496150017 0.12988578954075355 0.1076060988651935 0.16430177269136872 0.12060546875 0.20425398647785187 0.071740157902240753
 600 350 9.2035303115844727 0.033503136915735962 0.029621449483618275 0.03889498288603524 0.04833984375 0.093428060412406921 0.027279675006866455
 1800 1550 0.0027613299898803234 27.478508270387721 21.44821228524513 38.219798235015482 41.9375 67.012199401855469 24.11761474609375
 1300 550 0.046052500605583191 0.091964220736763386 0.076902053920980137 0.11454820364711077 0.09228515625 0.15629149973392487 0.055118188261985779
 700 300 3.5250999927520752 0.012482968262535593 0.0111753713578846 0.014638762572997111 0.01611328125 0.026646710932254791 0.0096695423126220703
 600 300 9.2035303115844727 0.01964785103326025 0.017096626421327466 0.022737630836897133 0.02880859375 0.052234381437301636 0.016408801078796387
 950 450 0.46635198593139648 0.026896044963881906 0.023086246240331905 0.032090297573004536 0.03271484375 0.054361704736948013 0.01949232816696167
 1200 650 0.085641801357269287 0.099098570706167649 0.083480370577303814 0.12135679188681578 0.10693359375 0.18109968304634094 0.064697630703449249
 1150 350 0.11768700182437897 0.037934884338423375 0.03226424201122749 0.046508093507392337 0.03857421875 0.06409812718629837 0.022578537464141846
 1400 1 0.025297699496150017 0.11532093512523536 0.095194885703716883 0.14591384198698093 0.10205078125 0.17445740103721619 0.060692310333251953
 1800 200 0.0027613299898803234 0.93294334549053393 0.72860802988632389 1.2956592086456273 0.712890625 1.2186976671218872 0.42223453521728516
 2250 1 0 9.9635904077165591 9.9635904077165591 9.9635904077165591 6.78125 11.376410484313965 4.1178379058837891
 1800 300 0.0027613299898803234 0.91845716777975439 0.71637991852092853 1.2799876484986754 0.708984375 1.195063591003418 0.42353421449661255
 2250 900 0 8.89784751203557 8.89784751203557 8.89784751203557 6.53125 11.061138153076172 3.8850054740905762
 1450 1225 0.018888700753450394 9.9310103006016188 8.1431452523664056 12.745383009565437 9.59375 15.9417724609375 5.9144821166992188
 900 300 0.67747801542282104 0.013837206487847677 0.011865079968263678 0.016392038039150479 0.01513671875 0.025273101404309273 0.0092387199401855469
 1900 1600 0.0016354699619114399 33.553317406411978 25.808224643087264 47.944091853758046 41.625 72.485939025878906 22.423709869384766
 1900 1000 0.0016354699619114399 1.6220669262468514 1.2506826230312835 2.3136785246945872 1.48828125 2.5679695606231689 0.87117683887481689
 900 1 0.67747801542282104 0.0092071080715963663 0.0080765695106749368 0.011168930630001515 0.01025390625 0.016466528177261353 0.0060682296752929688
 2050 1250 0 4.7784657518885822 4.7784657518885822 4.7784657518885822 4.171875 7.1318855285644531 2.4682819843292236
 1400 950 0.025297699496150017 0.51091038475768169 0.42309739975349275 0.64685635674008835 0.599609375 1.0346019268035889 0.35221195220947266
 1900 900 0.0016354699619114399 1.6243029981411028 1.2523635385171217 2.3171525588546515 1.39453125 2.3839728832244873 0.82507175207138062
 1200 100 0.085641801357269287 0.040046507701472916 0.034033571555546753 0.049160138005613856 0.03857421875 0.065328195691108704 0.023322522640228271
 2300 1550 0 19.151859730539631 19.151237807003547 19.151237807003547 15.90625 27.699207305908203 9.169041633605957
 1850 850 0.0021234499290585518 1.313305326268281 1.0207353943135002 1.8515973307413818 1.08203125 1.832497239112854 0.63880312442779541
 1300 400 0.046052500605583191 0.073192461229500461 0.061226497952859914 0.090859837974264862 0.07080078125 0.11990617960691452 0.04228644073009491
 1600 800 0.008100779727101326 0.41880975306317636 0.33649618656863522 0.55301263113715959 0.408203125 0.69132113456726074 0.24229274690151215
 1450 550 0.018888700753450394 0.17629956796534418 0.14493932786645944 0.22628278454172981 0.15673828125 0.26794654130935669 0.09223465621471405
 1500 1 0.014190300367772579 0.2105092506142292 0.17141419292342591 0.27236015612894537 0.16943359375 0.28694790601730347 0.10035300254821777
 1700 800 0.0047032302245497704 0.57830317921481 0.45764335213758728 0.78230689712457879 0.568359375 0.97161924839019775 0.33663082122802734
 1950 1000 0.0012641999637708068 2.047902200902088 1.5718022584246225 2.9440152243812414 1.8984375 3.2454085350036621 1.1256257295608521
 2050 500 0 3.1200465511918951 3.1200465511918951 3.1200465511918951 2.3515625 4.0200328826904297 1.3972897529602051
 1700 1400 0.0047032302245497704 7.7836073821720833 6.1590904948495613 10.531286751412765 11.84375 22.041044235229492 6.6056337356567383
 2000 1200 0.00098107696976512671 3.4541018045915561 2.6200783885105583 5.0770822845241694 3.171875 5.4223699569702148 1.8685512542724609
 1000 550 0.32538801431655884 0.048460090838310543 0.041697140850941741 0.058452879798274626 0.05908203125 0.10100165754556656 0.035480231046676636
 2150 300 0 5.6991874500821513 5.6991874500821513 5.6991874500821513 3.953125 6.6948995590209961 2.3735580444335938
 800 575 1.4890999794006348 0.16304066913187404 0.14190766636343438 0.19222247517236074 0.2353515625 0.38732722401618958 0.13728541135787964
 1800 400 0.0027613299898803234 0.95757550826492399 0.74893992452046032 1.3319272078951083 0.740234375 1.2654422521591187 0.43748670816421509
 2050 1600 0 18.60437514745216 18.605433849620717 18.605433849620717 20.1875 35.154594421386719 11.894533157348633
 1850 900 0.0021234499290585518 1.2338273419319594 0.95768643282429211 1.7358035605016737 1.16015625 1.9833052158355713 0.68788242340087891
 2000 1550 0.00098107696976512671 14.276465384973546 10.823443090906586 20.93664042190581 14.9765625 25.841457366943359 8.8990182876586914
 1150 600 0.11768700182437897 0.070063870378219262 0.059561544431738216 0.085562463923650647 0.07763671875 0.13024547696113586 0.047155871987342834
 1950 1600 0.0012641999637708068 21.376432036248744 16.409171535403118 30.780602959703231 26.625 48.487449645996094 15.124646186828613
 1350 1125 0.034018699079751968 4.425889859834597 3.6787627412350159 5.5537798078871958 6.40625 10.006768226623535 4.0376796722412109
 1050 650 0.22936700284481049 0.085687642146148268 0.073258053736922582 0.10366875096354841 0.11279296875 0.19641812145709991 0.066272065043449402
 850 400 0.99613702297210693 0.017789211589893758 0.01567526743183735 0.021118197335621862 0.02392578125 0.040329281240701675 0.014357805252075195
 1150 750 0.11768700182437897 0.15292033290056151 0.12979402407673951 0.18650058102373313 0.2021484375 0.35524517297744751 0.1184818223118782
 2250 1450 0 11.889429327940741 11.875088495422212 11.875088495422212 10.59375 17.941272735595703 6.3082647323608398
 1200 800 0.085641801357269287 0.21214755841336708 0.17869545830365721 0.26037640608107204 0.2626953125 0.4658355712890625 0.15278364717960358
 1200 850 0.085641801357269287 0.31041738572437505 0.26212834319563477 0.38108873762182904 0.3876953125 0.6998600959777832 0.22154080867767334
 950 600 0.46635198593139648 0.071837885131892071 0.061962751893362124 0.085925758678640621 0.095703125 0.17123551666736603 0.055734336376190186
 700 475 3.5250999927520752 0.085121046758655228 0.074731779517254793 0.099286731668883785 0.12646484375 0.21417725086212158 0.072018347680568695
 1600 700 0.008100779727101326 0.4163599510710726 0.33492158974682701 0.54965099949014329 0.3486328125 0.59043455123901367 0.20626793801784515
 1850 300 0.0021234499290585518 1.1631008685776716 0.90052675762360135 1.6318911581146756 0.93359375 1.5811077356338501 0.55473798513412476
 1850 1550 0.0021234499290585518 28.038123454659495 21.731255324762039 39.349802152921612 33.125 56.627704620361328 18.106767654418945
 1850 700 0.0021234499290585518 1.1420784227593903 0.88602211757259663 1.6040462449050943 0.96484375 1.6494154930114746 0.57023334503173828
 1950 600 0.0012641999637708068 1.9309889311948607 1.4805550665543974 2.7720787466684933 1.45703125 2.4908177852630615 0.86390620470046997
 1800 600 0.0027613299898803234 0.8697647320608648 0.67790474342422324 1.2098955798940465 0.744140625 1.2721199989318848 0.44026938080787659
 1200 600 0.085641801357269287 0.083972860475746453 0.07081793014002738 0.10317585682158024 0.08642578125 0.14636823534965515 0.052056446671485901
 950 725 0.46635198593139648 0.41373458657351103 0.35495807453722772 0.49389564161122107 0.611328125 0.99633938074111938 0.35929378867149353
 1900 1350 0.0016354699619114399 4.9234178299524896 3.7991872462010963 7.0258731240401895 4.984375 8.4413948059082031 2.9775738716125488
 2100 200 0 4.7962164402763099 4.7962164402763099 4.7962164402763099 3.109375 5.2163724899291992 1.8744332790374756
 1300 800 0.046052500605583191 0.24300973565451645 0.20341768927679885 0.30270305819022381 0.2646484375 0.45242065191268921 0.15759031474590302
 1650 200 0.0061607197858393192 0.3647692448026526 0.29222973500274319 0.487664980802134 0.3388671875 0.57929873466491699 0.200274258852005
 950 650 0.46635198593139648 0.14596308803003658 0.1252472841419176 0.17407395880830059 0.1962890625 0.36372622847557068 0.11303932964801788
 1100 800 0.16349099576473236 0.35675085085211483 0.30386957019741018 0.4340180273804885 0.482421875 0.90162593126296997 0.27220883965492249
 2300 1500 0 15.259938121763767 15.225386068687419 15.225386068687419 13.8125 23.61268424987793 8.154541015625
 1900 600 0.0016354699619114399 1.6185682214045434 1.2426806914368598 2.3090128292939371 1.22265625 2.0706558227539062 0.72494006156921387
 1750 950 0.0035984199494123459 0.91280502394852681 0.71733282603851389 1.2545373665800641 0.87890625 1.5025039911270142 0.52000319957733154
 1000 775 0.32538801431655884 0.56286134343161209 0.48154584172691933 0.6752108706398301 0.85546875 1.4078782796859741 0.51508784294128418
 1600 1050 0.008100779727101326 0.885003070253358 0.71088172445336184 1.1692341279497322 0.94921875 1.6227042675018311 0.56885993480682373
 1550 850 0.010702700354158878 0.40798154213189064 0.32984534649799901 0.53338680688541551 0.392578125 0.6648591160774231 0.23401875793933868
 1800 100 0.0027613299898803234 0.90206819442176156 0.70365811602635842 1.2562277366511156 0.708984375 1.2063677310943604 0.41946926712989807
 2100 1000 0 4.6627501063969605 4.6627501063969605 4.6627501063969605 3.453125 5.9031710624694824 2.0474345684051514
 1400 650 0.025297699496150017 0.16255852763138423 0.13464582145213191 0.20583183238501801 0.16357421875 0.27702462673187256 0.09792463481426239
 1500 1250 0.014190300367772579 6.1366912466580761 4.9992918241222446 7.9345607446649726 9.59375 15.329915046691895 5.6264247894287109
 2100 300 0 4.3852611298660298 4.3852611298660298 4.3852611298660298 3.0546875 5.1733317375183105 1.8248140811920166
 1800 1100 0.0027613299898803234 1.47890397548798 1.1544742942821014 2.0554572777147033 1.40625 2.3815848827362061 0.84006786346435547
 2000 200 0.00098107696976512671 2.5552378107151257 1.9381905251432721 3.7598958709032724 1.8984375 3.2454085350036621 1.128044605255127
 1200 300 0.085641801357269287 0.044325639664828623 0.037256378769719885 0.054122081589614859 0.04248046875 0.071943707764148712 0.02486497163772583
 2300 1400 0 12.266165008008443 12.24868536633239 12.24868536633239 10.90625 18.644405364990234 6.424870491027832
 1100 450 0.16349099576473236 0.039054753835489397 0.033211950893910894 0.04741587110397108 0.04052734375 0.0679897740483284 0.024503409862518311
 1100 350 0.16349099576473236 0.031100072185454894 0.026626306288915075 0.037830115085920844 0.03173828125 0.052738964557647705 0.01874387264251709
 2150 900 0 6.0303920009545937 6.0303920009545937 6.0303920009545937 4.265625 7.2241406440734863 2.5373361110687256
 2250 1300 0 8.814407107033599 8.8028523109433774 8.8028523109433774 8.03125 13.729547500610352 4.751673698425293
 1750 1250 0.0035984199494123459 2.762015816932577 2.1780637667220275 3.7914026244779357 2.9140625 5.0280976295471191 1.7173631191253662
 2000 1100 0.00098107696976512671 3.0965335915102892 2.3489802162477731 4.546904148182799 2.7265625 4.6611013412475586 1.6114284992218018
 1200 1 0.085641801357269287 0.039005148953177464 0.032935021940923563 0.047840839757809027 0.03857421875 0.065328195691108704 0.022950530052185059
 2200 300 0 8.9233729409101912 8.9233729409101912 8.9233729409101912 5.078125 8.5192012786865234 3.0400485992431641
 2100 900 0 4.5833052418124485 4.5833052418124485 4.5833052418124485 3.421875 5.7951898574829102 2.0332655906677246
 2000 600 0.00098107696976512671 2.181543282518652 1.6548062136604553 3.2056731358322916 1.8984375 3.2756776809692383 1.1139227151870728
 2000 300 0.00098107696976512671 2.423534586064771 1.8384370346969952 3.5491380912437549 1.8828125 3.1886775493621826 1.1235580444335938
 1750 1450 0.0035984199494123459 16.432934683049183 12.91030269653867 22.515631269950166 19.6875 34.911693572998047 11.006026268005371
 2300 500 0 12.519655213378337 12.547247742595095 12.547247742595095 8.21875 13.656957626342773 4.95556640625
 1400 550 0.025297699496150017 0.12780268392747993 0.10586647379922903 0.16186145435383226 0.123046875 0.20838867127895355 0.073192387819290161
 1850 1000 0.0021234499290585518 1.3967289326674008 1.084791644469719 1.9629035551895737 1.30078125 2.2237057685852051 0.77126210927963257
 1300 450 0.046052500605583191 0.078303490561667882 0.06563946957172255 0.097730857580642636 0.07568359375 0.12938228249549866 0.045202746987342834
 1500 1200 0.014190300367772579 3.9321717315350138 3.2038664563931802 5.0888098038008547 4.671875 8.2846002578735352 2.6659612655639648
 2200 1500 0 12.117148197139684 12.130527231184947 12.130527231184947 11.03125 18.858095169067383 6.5406732559204102
 1950 1450 0.0012641999637708068 8.6768931929473219 6.6511104699319041 12.45049631960258 8.90625 15.225373268127441 5.314755916595459
 1400 450 0.025297699496150017 0.12226249961644574 0.10126444484085077 0.15450208324416212 0.11669921875 0.19949914515018463 0.0694165900349617
 800 350 1.4890999794006348 0.013681589594773953 0.011761803708915613 0.016158617932312332 0.01806640625 0.030452722683548927 0.010841608047485352
 1300 850 0.046052500605583191 0.27683421269998154 0.23110865016345125 0.34390866095513778 0.3564453125 0.61503207683563232 0.21134434640407562
 1500 650 0.014190300367772579 0.23786343373437388 0.1941674497517599 0.3076744049018173 0.2138671875 0.36219936609268188 0.12721534073352814
 1550 1200 0.010702700354158878 1.9761654678372031 1.6024895552258651 2.5872552768715655 2.5546875 4.65240478515625 1.4498268365859985
 2100 1500 0 10.118472226146539 10.118197170917949 10.118197170917949 9.84375 16.828044891357422 5.8679332733154297
 1750 1 0.0035984199494123459 0.66615536400170994 0.52489912150021079 0.91467003663134305 0.568359375 0.97161924839019775 0.33663082122802734
 1400 800 0.025297699496150017 0.26305527618572161 0.21743357773296476 0.33200460598067227 0.2548828125 0.42759835720062256 0.15388604998588562
 1900 100 0.0016354699619114399 1.5992134117186052 1.2285821977860758 2.282060120215939 1.17578125 1.991269588470459 0.69939392805099487
 2200 100 0 7.3570005680047004 7.3570005680047004 7.3570005680047004 5.234375 8.7813301086425781 3.1561117172241211
 2150 1200 0 5.3263044289280774 5.3263044289280774 5.3263044289280774 4.921875 8.4140224456787109 2.9151535034179688
 1850 1200 0.0021234499290585518 2.5578700227205822 1.9839421215426438 3.5982993479913952 2.3984375 4.1001663208007812 1.4281985759735107
 2150 1550 0 12.739187351206382 12.762430843507444 12.762430843507444 12.21875 20.693326950073242 7.3381762504577637
 1050 350 0.22936700284481049 0.025022565503443915 0.021140630171999061 0.029969977597950604 0.02587890625 0.043621469289064407 0.015529870986938477
 1600 1300 0.008100779727101326 6.2384214644568159 5.019770361887316 8.2242517249179308 8.53125 15.672494888305664 4.802668571472168
 2150 800 0 5.3763995753447906 5.3763995753447906 5.3763995753447906 4.140625 7.0124444961547852 2.4550685882568359
 1950 700 0.0012641999637708068 2.0550373034311957 1.575273468868857 2.9555366265480369 1.54296875 2.6131279468536377 0.91486042737960815
 1300 1 0.046052500605583191 0.06786089309126829 0.056671978321856033 0.084481340584664402 0.06298828125 0.1066751554608345 0.037460803985595703
 2150 1150 0 5.0261066990853056 5.0261066990853056 5.0261066990853056 4.734375 8.0934877395629883 2.8071160316467285
 1900 1400 0.0016354699619114399 5.4716324267856589 4.2175479091545416 7.8016329196432199 6.140625 10.497494697570801 3.6526486873626709
 1200 350 0.085641801357269287 0.045077732022305278 0.037876618326338249 0.055046130070834115 0.04541015625 0.076181314885616302 0.026579797267913818
 2150 1350 0 6.9918508309314351 6.9918508309314351 6.9918508309314351 6.53125 11.061138153076172 3.8850054740905762
 1550 600 0.010702700354158878 0.28179124553432611 0.22793601985115491 0.36760452014125949 0.2568359375 0.43497002124786377 0.15277458727359772
 1550 700 0.010702700354158878 0.30909343995723515 0.25043435673015024 0.40489151956068958 0.2802734375 0.47466307878494263 0.16725164651870728
 1400 750 0.025297699496150017 0.2018142003944127 0.1666146257487913 0.25471612936810473 0.2060546875 0.34896832704544067 0.12335581332445145
 1350 600 0.034018699079751968 0.13326050013163981 0.11072682693763931 0.16691513427154603 0.12646484375 0.2121608704328537 0.075225509703159332
 1800 900 0.0027613299898803234 1.0503627879830568 0.82146680065120692 1.4635709729301036 0.94921875 1.6227042675018311 0.5603940486907959
 1800 850 0.0027613299898803234 0.93953549165815964 0.73272329730404251 1.3084224213934412 0.87109375 1.4891483783721924 0.51213443279266357
 1600 750 0.008100779727101326 0.38528104416198528 0.30923158855308436 0.50772777997770213 0.380859375 0.65108507871627808 0.22533473372459412
 850 550 0.99613702297210693 0.073277367909116792 0.063695845002167018 0.086709526650807667 0.10498046875 0.19536709785461426 0.059254951775074005
 650 350 5.6004800796508789 0.02512677031759122 0.021883913728597014 0.029026633543564537 0.03466796875 0.063134700059890747 0.019928157329559326
 1250 950 0.06270270049571991 0.90911882790139076 0.7650927349815978 1.1214570236483232 1.18359375 2.1743433475494385 0.66862046718597412
 1250 450 0.06270270049571991 0.064091984046943953 0.053684648692586573 0.079071166697166018 0.06298828125 0.1066751554608345 0.037779897451400757
 1450 850 0.018888700753450394 0.33097897754734706 0.2718264738643606 0.42467377009966523 0.33984375 0.5782589316368103 0.20279990136623383
 1000 650 0.32538801431655884 0.093092056315154922 0.079906304170073536 0.11206768432526611 0.11865234375 0.21229709684848785 0.06818852573633194
 2000 1250 0.00098107696976512671 3.6377120844699933 2.762726278890554 5.347215380415772 3.515625 6.0380425453186035 2.0844922065734863
 1350 1100 0.034018699079751968 3.0469059539661498 2.5313611129918954 3.8107727011183501 3.890625 6.3409204483032227 2.2276730537414551
 1550 500 0.010702700354158878 0.25869486767207001 0.20935507718745486 0.33739045076385643 0.2314453125 0.39565938711166382 0.13678672909736633
 2200 1350 0 8.9184489216970118 8.915135243637053 8.915135243637053 7.53125 12.874789237976074 4.4462542533874512
 2200 1450 0 9.4883711172771132 9.4901752164083923 9.4901752164083923 9.03125 15.295066833496094 5.3720889091491699
 1100 650 0.16349099576473236 0.089836390381732273 0.076605376344257972 0.10929198059326377 0.11279296875 0.19282133877277374 0.067397654056549072
 2150 1300 0 7.3155846163218818 7.3155846163218818 7.3155846163218818 6.046875 10.240815162658691 3.5699176788330078
 1450 1200 0.018888700753450394 5.6017739993319182 4.5938873879926598 7.1761504656798261 6.84375 11.59037971496582 3.8660826683044434
 2200 800 0 6.6060203216086055 6.6060203216086055 6.6060203216086055 4.953125 8.3884706497192383 2.9399733543395996
 2000 1450 0.00098107696976512671 8.0083776273210212 6.0743363284700376 11.746007030637454 8.21875 13.919040679931641 4.920201301574707
 1900 1100 0.0016354699619114399 2.1603204647695278 1.6623686408594245 3.0828368912248276 1.8828125 3.2186973094940186 1.117560863494873
 1850 500 0.0021234499290585518 1.1492891749371772 0.89132979555807612 1.6193550269341537 0.94140625 1.5943387746810913 0.55818068981170654
 1250 500 0.06270270049571991 0.070946254559735439 0.059874762309902664 0.087561498252058542 0.06884765625 0.11550070345401764 0.041468694806098938
 2000 1000 0.00098107696976512671 2.6501974196998015 2.0103361955615044 3.894593571408929 2.2890625 3.9131882190704346 1.3572360277175903
 1050 825 0.22936700284481049 0.94363350707230542 0.80652518260492001 1.1409898658094075 1.12890625 1.7723875045776367 0.73492765426635742
 2150 700 0 5.333206433020738 5.333206433020738 5.333206433020738 3.984375 6.8113512992858887 2.3675010204315186
 2250 1350 0 9.4615235606372341 9.4489336451474593 9.4489336451474593 8.71875 14.765826225280762 5.1695404052734375
 800 300 1.4890999794006348 0.010736974732253528 0.0091270200416785959 0.012347572842283147 0.01318359375 0.022852862253785133 0.0087804794311523438
 600 100 9.2035303115844727 0.0036170865069625776 0.0032836994265673471 0.0043386077127046596 0.00537109375 0.0084540490061044693 0.002727508544921875
 2200 600 0 6.9798518454785397 6.9798518454785397 6.9798518454785397 4.921875 8.3355474472045898 2.9276955127716064
 750 350 2.2658500671386719 0.014609133741830579 0.012653196026122778 0.017024786645994938 0.02001953125 0.034383300691843033 0.012013673782348633
 2050 1100 0 3.3367471841104566 3.3367471841104566 3.3367471841104566 3.0859375 5.2754583358764648 1.8277549743652344
 1250 550 0.06270270049571991 0.080023579898334196 0.067151166110145294 0.098760583284981204 0.07763671875 0.13024547696113586 0.046762570738792419
 2050 800 0 2.86800107857571 2.86800107857571 2.86800107857571 2.4609375 4.2070112228393555 1.4591444730758667
 1550 200 0.010702700354158878 0.24761925526994411 0.20078314750537293 0.32403795562011317 0.2158203125 0.36894819140434265 0.12727721035480499
 2000 500 0.00098107696976512671 2.4179987607556583 1.8341020886396144 3.5508714755831243 1.8515625 3.1652750968933105 1.0990121364593506
 1750 100 0.0035984199494123459 0.74666870779268912 0.58707784199373469 1.024942040097593 0.560546875 0.95826363563537598 0.33200359344482422
 1600 650 0.008100779727101326 0.36934372395526111 0.29812072190225714 0.48816913265174489 0.3251953125 0.55592644214630127 0.19302269816398621
 1300 100 0.046052500605583191 0.063113645667669777 0.052552052802661585 0.078282568238732836 0.06201171875 0.10601000487804413 0.036596149206161499
 1650 850 0.0061607197858393192 0.53856683362777613 0.43028167285649832 0.71780670196071539 0.509765625 0.87958008050918579 0.30030286312103271
 1700 1000 0.0047032302245497704 0.91977084035143664 0.72877953168118359 1.2462898303233942 0.87109375 1.47525954246521 0.52093029022216797
 700 200 3.5250999927520752 0.0057482794775518143 0.0050724444559393832 0.0067431237282187442 0.00732421875 0.012462477199733257 0.0044918060302734375
 1350 950 0.034018699079751968 0.50548661631739678 0.42073252480214596 0.63512323087953015 0.599609375 1.0632827281951904 0.34873291850090027
 2200 1600 0 21.696536029519468 21.688675659220294 21.688675659220294 16.1875 27.672784805297852 9.6804265975952148
 1450 650 0.018888700753450394 0.20066856977847256 0.16426811576143346 0.25670066664735658 0.18505859375 0.31636056303977966 0.10984323918819427
 1250 700 0.06270270049571991 0.12509933991001926 0.10534014418436782 0.15426274452119426 0.13525390625 0.22906215488910675 0.081315174698829651
 2050 1350 0 5.3040591584814489 5.3040591584814489 5.3040591584814489 5.015625 8.494318962097168 3.0026326179504395
 950 300 0.46635198593139648 0.016369096030786866 0.013949713652234869 0.019310274210917255 0.01708984375 0.029351595789194107 0.010906457901000977
 1450 1150 0.018888700753450394 2.9614567688205189 2.4298381367865769 3.7969459377590464 3.890625 7.0853137969970703 2.1978416442871094
 1400 900 0.025297699496150017 0.37637240266070271 0.31099392889698152 0.47488298959129971 0.404296875 0.69759798049926758 0.2415195107460022
 2000 1300 0.00098107696976512671 4.1443729623564192 3.1463342483414709 6.0797707141558739 4.046875 6.8536720275878906 2.4149506092071533
 1450 1000 0.018888700753450394 0.75418669091794166 0.61673907305061548 0.96425530840479889 0.87890625 1.5305308103561401 0.51230525970458984
 1450 100 0.018888700753450394 0.13381978673502504 0.1096921672401043 0.17112895284908344 0.12451171875 0.21285472810268402 0.073123276233673096
 1900 400 0.0016354699619114399 1.4344761775990658 1.1048169413626721 2.0519809544504302 1.16015625 1.9833052158355713 0.68714332580566406
 2200 200 0 7.3306881114460998 7.3306881114460998 7.3306881114460998 5.046875 8.5472431182861328 3.0366654396057129
 2000 400 0.00098107696976512671 2.843597418565162 2.1568327028739631 4.1715444936497796 1.9140625 3.2110834121704102 1.1514501571655273
 1400 1100 0.025297699496150017 2.1158036774776194 1.7490924064302262 2.6750797702627791 2.7734375 5.183436393737793 1.5196753740310669
 1900 1150 0.0016354699619114399 2.3489246223156268 1.8081878919734733 3.3510182430157802 2.1484375 3.6385324001312256 1.2711189985275269
 1350 850 0.034018699079751968 0.29060626588554656 0.241077978060559 0.36366122070956042 0.3212890625 0.54924869537353516 0.19213685393333435
 2000 1600 0.00098107696976512671 18.094561747597737 13.749877032970508 26.596845110721425 22.1875 39.344924926757812 12.889949798583984
 950 400 0.46635198593139648 0.021839767464035178 0.018921080381602055 0.026334240347898621 0.02490234375 0.041181281208992004 0.014943838119506836
 1550 1000 0.010702700354158878 0.71282476446189658 0.57882992507383635 0.93240477236439001 0.751953125 1.2854756116867065 0.44920295476913452
 1800 1575 0.0027613299898803234 69.871544126559243 54.646378623697181 97.416282345851016 75.25 120.24246215820312 50.825553894042969
 1750 800 0.0035984199494123459 0.76278014089823931 0.6012622919097832 1.0498898300450223 0.720703125 1.232053279876709 0.42502525448799133
 2200 1300 0 7.1879728073728435 7.1879728073728435 7.1879728073728435 6.71875 11.485808372497559 3.9336152076721191
 1900 300 0.0016354699619114399 1.3891748241216528 1.0715443285901931 1.9870824473457047 1.16796875 1.9966608285903931 0.69251459836959839
 2250 100 0 10.215191155202906 10.215191155202906 10.215191155202906 6.71875 11.378683090209961 4.0179376602172852
 2000 1150 0.00098107696976512671 3.2529118985644661 2.4672780403231704 4.7724972905916943 2.8828125 4.8822488784790039 1.7166296243667603
 2100 1250 0 5.1185837179664473 5.1185837179664473 5.1185837179664473 4.671875 7.9866433143615723 2.7551772594451904
 1550 1100 0.010702700354158878 1.0394310583332445 0.84318717335415205 1.3588821967695841 1.23828125 2.1563479900360107 0.73341560363769531
 2000 1350 0.00098107696976512671 5.4292315953296448 4.1179965504957137 7.9710468364984859 5.09375 8.7078456878662109 3.033177375793457
 1200 550 0.085641801357269287 0.072826636728519328 0.061497314155014207 0.089111954996584586 0.07080078125 0.1187773197889328 0.042645111680030823
 1450 950 0.018888700753450394 0.52490157140539695 0.43017928730725119 0.67122101963790848 0.568359375 0.97161924839019775 0.34061366319656372
 1600 1375 0.008100779727101326 16.051392413799142 12.904915919949833 21.239970944757616 24.8125 38.164497375488281 16.99934196472168
 900 600 0.67747801542282104 0.095579559891156615 0.082306600908378352 0.11351260380183398 0.13427734375 0.2466767430305481 0.076992899179458618
 1750 1200 0.0035984199494123459 2.1331857981535292 1.6762237449815656 2.9279020454015772 2.1796875 3.6914565563201904 1.2951623201370239
 1800 1300 0.0027613299898803234 3.7488357364263534 2.926402746430159 5.2147516275404673 3.9765625 6.8613986968994141 2.3729920387268066
 1950 300 0.0012641999637708068 1.9344079239695768 1.4829024367634791 2.7820544581575803 1.47265625 2.4940485954284668 0.87692326307296753
 1800 1250 0.0027613299898803234 2.6448678324846404 2.0641667902254963 3.6789274862557901 2.71875 4.7344422340393066 1.6085432767868042
 2150 400 0 5.4590300361750463 5.4590300361750463 5.4590300361750463 3.890625 6.5890512466430664 2.3167521953582764
 2300 100 0 12.391647123347967 12.396630296024693 12.396630296024693 8.46875 14.207406044006348 5.1532144546508789
 1300 650 0.046052500605583191 0.11767242098232632 0.098528225826693516 0.14665711562917449 0.12060546875 0.20425398647785187 0.072643741965293884
 2250 1500 0 12.426540517611647 12.419122577973113 12.419122577973113 11.59375 19.819696426391602 6.8889636993408203
 800 450 1.4890999794006348 0.030902551343027152 0.027041952689652576 0.03639908524059389 0.04150390625 0.074922047555446625 0.024293363094329834
 1950 1150 0.0012641999637708068 2.6911450462343369 2.0624524137324811 3.8689474189207398 2.4296875 4.1535887718200684 1.4375200271606445
 2100 1550 0 14.545293575740281 14.545741046650582 14.545741046650582 13.90625 23.772951126098633 8.2984790802001953
 1750 1100 0.0035984199494123459 1.4558967212294003 1.1450716964697658 1.9987901367971961 1.32421875 2.2426590919494629 0.79359471797943115
 1250 100 0.06270270049571991 0.058461635741710309 0.048959222595347074 0.07208628361788165 0.04833984375 0.081866979598999023 0.029226958751678467
 1600 400 0.008100779727101326 0.33215889404654553 0.26774596449647009 0.43873541059762877 0.2802734375 0.47913181781768799 0.16564470529556274
 1850 1150 0.0021234499290585518 2.0609893993766404 1.598674913897991 2.8993696523746153 1.8671875 3.1324446201324463 1.1142339706420898
 1050 550 0.22936700284481049 0.049800800125042011 0.042686413304457341 0.060381684280139972 0.05712890625 0.096751883625984192 0.034844309091567993
 1250 200 0.06270270049571991 0.050524316191819518 0.042678543347899937 0.062552929060595869 0.04833984375 0.081096239387989044 0.028294622898101807
 1250 1 0.06270270049571991 0.051818014779422841 0.043767302619911193 0.064149413827459673 0.04931640625 0.083520859479904175 0.029817402362823486
 2150 500 0 5.5669655649117251 5.5669655649117251 5.5669655649117251 3.890625 6.5270185470581055 2.3192305564880371
 1450 1100 0.018888700753450394 1.1925912158978116 0.9758679340191414 1.5272939736677729 1.51171875 2.8253378868103027 0.84806394577026367
 2150 600 0 5.8767950344508355 5.8767950344508355 5.8767950344508355 4.046875 6.8536720275878906 2.4395890235900879
 1250 600 0.06270270049571991 0.092029003059063363 0.077395663263246692 0.11362522495578389 0.09326171875 0.15645840764045715 0.056646361947059631
 1250 800 0.06270270049571991 0.20793797405873651 0.17451147703540429 0.25614721869615087 0.2431640625 0.41956982016563416 0.1452617347240448
 1550 550 0.010702700354158878 0.28921502758101209 0.23365318379331354 0.37784511258627745 0.2333984375 0.39899829030036926 0.13794106245040894
 1500 850 0.014190300367772579 0.34818035099425365 0.28414022739907191 0.45086274917829311 0.3486328125 0.59599322080612183 0.20715633034706116
 2050 100 0 3.1963266332556222 3.1963266332556222 3.1963266332556222 2.4765625 4.2337222099304199 1.4684089422225952
 2250 1250 0 9.4126650430411054 9.4125972843807926 9.4125972843807926 7.71875 13.195323944091797 4.5520319938659668
 1250 300 0.06270270049571991 0.054459934907505496 0.045989991935515347 0.067258434596559322 0.05126953125 0.087646067142486572 0.030998289585113525
 1950 1200 0.0012641999637708068 2.8995126845584394 2.2225079010067041 4.1715762089046153 2.7890625 4.7679457664489746 1.6501435041427612
 1550 750 0.010702700354158878 0.31914600882851357 0.25798817047098127 0.41719667220960788 0.3076171875 0.52097171545028687 0.18278500437736511
 2200 1400 0 9.1908775527192006 9.2025397473636694 9.2025397473636694 8.53125 14.448281288146973 5.0638027191162109
 2050 1200 0 4.5486494545303797 4.5486494545303797 4.5486494545303797 3.734375 6.3244309425354004 2.218951940536499
 1750 1050 0.0035984199494123459 1.1363135826073663 0.89279935062754179 1.5572364301178157 1.12890625 1.9118833541870117 0.6722303032875061
 2050 1400 0 6.9417048876788385 6.9417048876788385 6.9417048876788385 6.25 10.684473037719727 3.7097454071044922
 1150 925 0.11768700182437897 2.3028482338668912 1.9508076259925629 2.8094578889278963 2.3046875 3.9766457080841064 1.3775075674057007
 1550 100 0.010702700354158878 0.28108969010992735 0.22767433459010608 0.36828747134010442 0.2177734375 0.3722870945930481 0.12926143407821655
 1550 1150 0.010702700354158878 1.6539166689983591 1.337099466262246 2.1618970285406807 1.8359375 3.2263813018798828 1.0654144287109375
 1850 1350 0.0021234499290585518 4.9267367188585149 3.831822780515342 6.9338250883584616 4.984375 8.6003389358520508 2.9553465843200684
 1600 1250 0.008100779727101326 2.8575752394182476 2.2997099465357791 3.7655445746258147 3.796875 6.9751214981079102 2.134974479675293
 1550 400 0.010702700354158878 0.24732994171761796 0.20054530829276351 0.32364584138825409 0.2197265625 0.37562599778175354 0.12986081838607788
 1700 300 0.0047032302245497704 0.48550637353068687 0.38574432926692043 0.65689530430253407 0.431640625 0.7378963828086853 0.25620430707931519
 600 375 9.2035303115844727 0.056423007108689374 0.049633070818742575 0.065604384426623572 0.08056640625 0.13772952556610107 0.044416263699531555
 1700 1 0.0047032302245497704 0.53727691467859784 0.42551154700546778 0.72747530129931859 0.439453125 0.75125199556350708 0.26000159978866577
 1350 350 0.034018699079751968 0.088127607664706384 0.073405020756958581 0.11077961034366915 0.08349609375 0.14273788034915924 0.049868836998939514
 2150 100 0 5.7590334245433024 5.7590334245433024 5.7590334245433024 4.015625 6.8007478713989258 2.4110846519470215
 1750 1500 0.0035984199494123459 33.241242546318354 26.099192453259164 45.672041439831787 43.375 64.641036987304688 30.40704345703125
 1200 450 0.085641801357269287 0.052903862042336401 0.044847145447538483 0.065129773009461489 0.05322265625 0.089287780225276947 0.03192254900932312
 1650 1000 0.0061607197858393192 0.85581128435872889 0.68278966588154766 1.1433634318774075 0.81640625 1.369625449180603 0.48822617530822754
 900 200 0.67747801542282104 0.011041969655726741 0.0095160583385161864 0.012834119023281472 0.01123046875 0.019467253237962723 0.0074796676635742188
 750 500 2.2658500671386719 0.074741225874693132 0.06545114967492105 0.087562087983290252 0.11962890625 0.21785916388034821 0.065004043281078339
 1400 1150 0.025297699496150017 3.9836446367705021 3.291722663812056 5.0246573325115396 5.328125 8.0253677368164062 3.5892243385314941
 1750 700 0.0035984199494123459 0.70420903982075833 0.55371743697184339 0.96804122772495371 0.630859375 1.0784639120101929 0.3728448748588562
 700 350 3.5250999927520752 0.019724950682232244 0.017105259840169262 0.022928120940009681 0.02490234375 0.045151751488447189 0.014943838119506836
 2050 1150 0 3.8232968952795949 3.8232968952795949 3.8232968952795949 3.390625 5.7422657012939453 2.0103769302368164
 750 400 2.2658500671386719 0.02333169810023791 0.020394915866538091 0.027354590076608575 0.03173828125 0.056281249970197678 0.01874387264251709
 1800 700 0.0027613299898803234 0.9426483203617626 0.7373479019758129 1.3111687714217286 0.79296875 1.3555924892425537 0.47016876935958862
 1350 1050 0.034018699079751968 1.4119160821721903 1.1759289074398118 1.7748270487234732 1.8203125 3.4456214904785156 0.99261558055877686
 1200 975 0.085641801357269287 2.6207067428207669 2.2119447293096823 3.214814715566372 2.8984375 4.5736656188964844 1.8529858589172363
 1650 1050 0.0061607197858393192 1.0384014298625328 0.83125505328014138 1.3905584295007785 1.04296875 1.7663420438766479 0.6197282075881958
 1750 900 0.0035984199494123459 0.81796387770480261 0.64320104046816706 1.1225219310135663 0.79296875 1.3555924892425537 0.47016876935958862
 1400 700 0.025297699496150017 0.18250840565897683 0.15092458386327406 0.23097413945990247 0.18505859375 0.3134099543094635 0.11078637838363647
 1700 200 0.0047032302245497704 0.56619017915308378 0.44995667212387552 0.76786085054853892 0.431640625 0.7378963828086853 0.25537934899330139
 1300 1000 0.046052500605583191 1.0699701467355551 0.89391771428921607 1.3290872614453333 1.6953125 3.0062847137451172 0.94670641422271729
 1600 1000 0.008100779727101326 0.77471312694288352 0.62171110926376394 1.0210013711618042 0.732421875 1.2287309169769287 0.44429394602775574
 2200 1250 0 7.0447012672714315 7.0447012672714315 7.0447012672714315 6.53125 11.165273666381836 3.8558802604675293
 1400 1050 0.025297699496150017 0.79358360579094445 0.65527203847830762 1.0019579051812222 1.07421875 1.9905414581298828 0.60403084754943848
 1750 300 0.0035984199494123459 0.68361172899289702 0.53864255937870043 0.93870038482113816 0.548828125 0.93823027610778809 0.32506275177001953
 1900 1250 0.0016354699619114399 2.9568164668338994 2.276189225358956 4.2182694121555873 2.8359375 4.8028626441955566 1.6977500915527344
 1950 1500 0.0012641999637708068 9.7144089546067143 7.4398272528407752 13.987137350787979 11.40625 19.862888336181641 6.6706442832946777
 1900 800 0.0016354699619114399 1.4845236405012243 1.1445789784732587 2.117673818398953 1.25390625 2.1435723304748535 0.74027365446090698
 1450 200 0.018888700753450394 0.13729301907642844 0.11255388973822852 0.17558118261613198 0.12841796875 0.21953251957893372 0.07589644193649292
 1600 100 0.008100779727101326 0.30706175918552431 0.24718683912326606 0.4061207865475977 0.2626953125 0.44908174872398376 0.15508848428726196
 1500 550 0.014190300367772579 0.2037222115417596 0.16573115933581042 0.26372339200846995 0.1982421875 0.33889812231063843 0.11716332286596298
 2100 1350 0 6.8178370122409113 6.8178370122409113 6.8178370122409113 5.921875 10.029118537902832 3.526301383972168
 1200 900 0.085641801357269287 0.59463952312320412 0.50180716288431249 0.72874369641596926 0.86328125 1.6272001266479492 0.47644400596618652
 2050 300 0 2.8932317766065934 2.8932317766065934 2.8932317766065934 2.3671875 4.0844869613647461 1.4050660133361816
 1950 1300 0.0012641999637708068 3.7435137049581719 2.8694016429305593 5.3811208717762682 3.703125 6.2715067863464355 2.2145378589630127
 1050 300 0.22936700284481049 0.023653525349333477 0.020279211493653242 0.028532322358661707 0.02392578125 0.040329281240701675 0.014357805252075195
 1500 1275 0.014190300367772579 12.716081952538477 10.360620327570372 16.439532232600499 13.8125 21.68568229675293 9.0561275482177734
 850 300 0.99613702297210693 0.01192960265799768 0.010572942635161264 0.014193634362021028 0.01318359375 0.022852862253785133 0.0087804794311523438
 1600 1350 0.008100779727101326 11.272192782407519 9.0543119508818819 14.851308147050638 15.1875 24.268203735351562 9.1555233001708984
 2300 1450 0 13.259604232959866 13.256200813158394 13.256200813158394 12.09375 20.674453735351562 7.1706528663635254
 1400 1175 0.025297699496150017 4.5401729772529311 3.7561083785986846 5.7413241846923553 7.15625 11.549118041992188 4.2060823440551758
 1850 950 0.0021234499290585518 1.2707241921251116 0.98444968868336391 1.784938928539922 1.19140625 2.0177316665649414 0.70868819952011108
 1700 400 0.0047032302245497704 0.50433671587970652 0.4005387298191363 0.68224588694681065 0.455078125 0.77433526515960693 0.26982593536376953
 1200 400 0.085641801357269287 0.048563267334160241 0.041185804919820199 0.059806217364928749 0.04833984375 0.081866979598999023 0.029226958751678467
 1650 950 0.0061607197858393192 0.67576924261430915 0.5409821882935657 0.90300956543519384 0.669921875 1.1345605850219727 0.40062576532363892
 2000 1 0.00098107696976512671 2.4268329125066299 1.841371748695749 3.554330479353192 1.9140625 3.2416017055511475 1.1373288631439209
 2200 1550 0 14.466172170689521 14.448656226204655 14.448656226204655 13.1875 22.754501342773438 7.7038593292236328
 1850 1450 0.0021234499290585518 8.1739681811458311 6.3528351815282917 11.518115707983046 9.78125 17.812877655029297 5.5127363204956055
 1450 450 0.018888700753450394 0.16250854691139166 0.13330323768034613 0.20825366818595509 0.14404296875 0.24624370038509369 0.085498034954071045
 1200 950 0.085641801357269287 1.1831552518528978 0.99751230314559813 1.448642627017424 1.8046875 3.0563671588897705 0.99362313747406006
 1850 1400 0.0021234499290585518 6.1784644182654116 4.793169811477437 8.6805078450775639 7.03125 12.244246482849121 4.1689844131469727
 2300 600 0 12.555998402713877 12.552529537433589 12.552529537433589 8.28125 13.892850875854492 5.0078463554382324
 1750 400 0.0035984199494123459 0.62307733806212084 0.48943236088813957 0.8553497924674156 0.572265625 0.98742133378982544 0.33712160587310791
 1500 1150 0.014190300367772579 1.6283338023851368 1.3246346846940025 2.1079393428968531 2.1015625 3.860715389251709 1.1926710605621338
 2100 400 0 4.2774104507915789 4.2774104507915789 4.2774104507915789 3.140625 5.2687983512878418 1.8661477565765381
 1550 650 0.010702700354158878 0.27391503629604297 0.22175845650821047 0.35731127717260192 0.2685546875 0.45909842848777771 0.15888987481594086
 1800 1 0.0027613299898803234 0.87753627197615902 0.68460693417881191 1.22040313911895 0.728515625 1.2337932586669922 0.43195310235023499
 1900 1 0.0016354699619114399 1.3831155694546495 1.0668745715005779 1.9773145846326563 1.14453125 1.9565941095352173 0.67861801385879517
 1950 100 0.0012641999637708068 2.006646749411221 1.5381969058473093 2.8853427809784575 1.5078125 2.5776290893554688 0.89497607946395874
 2000 1400 0.00098107696976512671 5.9316171003765863 4.498504590867662 8.7015636908984142 5.828125 10.056195259094238 3.43768310546875
 1250 1025 0.06270270049571991 3.3906370605021907 2.8448362764270736 4.1822847414165825 3.640625 5.875424861907959 2.1896190643310547
 800 500 1.4890999794006348 0.053986952526000109 0.047124185644090731 0.063767797195381101 0.0810546875 0.15278010070323944 0.045546263456344604
 1650 800 0.0061607197858393192 0.59080052004863282 0.47199880587963261 0.7896171293656522 0.494140625 0.83686244487762451 0.29298695921897888
 1150 500 0.11768700182437897 0.051208313977815806 0.043567474245734747 0.062733726355148123 0.05224609375 0.087649472057819366 0.032111704349517822
 1500 400 0.014190300367772579 0.19442254866317094 0.15831584688718697 0.25113805592945354 0.1728515625 0.2927364706993103 0.10259764641523361
 1650 1300 0.0061607197858393192 3.4766292238650967 2.7775399049073619 4.634113841510394 4.328125 7.8820557594299316 2.4280486106872559
 1750 1000 0.0035984199494123459 1.0805940439004287 0.849659012033817 1.4831538179958497 0.98828125 1.673724889755249 0.59038102626800537
 1650 1400 0.0061607197858393192 23.579690562118945 18.877262417098684 31.499342996585053 25.125 38.645160675048828 16.589109420776367
 950 550 0.46635198593139648 0.050195462723675338 0.04333891290287669 0.060235572188571701 0.06689453125 0.11542382091283798 0.039304211735725403
 1700 1300 0.0047032302245497704 4.15827431155029 3.2978331264529368 5.620091852171786 4.859375 8.6170921325683594 2.8074169158935547
 1300 700 0.046052500605583191 0.1499295178728739 0.12526244252066307 0.18693780899764725 0.14990234375 0.25387033820152283 0.089930884540081024
 1700 950 0.0047032302245497704 0.80094672173176229 0.63494718887046253 1.0837089676607654 0.724609375 1.2387310266494751 0.43056023120880127
 1650 600 0.0061607197858393192 0.44453763054286788 0.35462311078851677 0.59376533272837284 0.3857421875 0.65328198671340942 0.22773215174674988
 1800 1400 0.0027613299898803234 6.5120410254661056 5.0805854840176146 9.0518095099549996 8.53125 15.332435607910156 4.8853302001953125
 650 425 5.6004800796508789 0.06950308055983144 0.061372604032294713 0.080638853113491282 0.09130859375 0.15609346330165863 0.051308140158653259
 1000 1 0.32538801431655884 0.015154784891818911 0.012711813628036858 0.018172075653849484 0.01611328125 0.026132885366678238 0.0096695423126220703
 2300 300 0 12.27474672577128 12.248944511561001 12.248944511561001 8.40625 14.236584663391113 5.0579748153686523
 1650 1250 0.0061607197858393192 3.1518829645537356 2.5187781358315777 4.2053082504711021 3.609375 6.4580254554748535 2.096886157989502
 1700 1350 0.0047032302245497704 5.2210098348898768 4.1471242842195837 7.0795285902710186 6.46875 11.677262306213379 3.6669015884399414
 1650 700 0.0061607197858393192 0.53340888042177148 0.42566532049853706 0.7109552445305567 0.423828125 0.7245408296585083 0.249407097697258
 1500 950 0.014190300367772579 0.53980336949370811 0.43967347742835511 0.69717211761097109 0.5546875 0.93940293788909912 0.33242020010948181
 1650 1350 0.0061607197858393192 12.48563524556498 9.9702211476597888 16.670597242318117 14.1875 24.479961395263672 8.0608921051025391
 2300 1 0 12.558763110134668 12.558602116915171 12.558602116915171 8.40625 14.102554321289062 5.0378046035766602
 1150 800 0.11768700182437897 0.22364020617461364 0.18902600490760274 0.27301327956921501 0.2978515625 0.54242485761642456 0.16942420601844788
 900 450 0.67747801542282104 0.025709154512676753 0.021967212586188244 0.030352927952752115 0.03271484375 0.054883316159248352 0.019464373588562012
 1050 750 0.22936700284481049 0.22735999925753278 0.1941457622019353 0.27464315268251227 0.3466796875 0.64792954921722412 0.19407762587070465
 2050 1 0 3.2678668515758633 3.2678668515758633 3.2678668515758633 2.4609375 4.1285357475280762 1.4622800350189209
 2300 200 0 12.828999583972898 12.804278414501983 12.804278414501983 8.40625 13.968523979187012 5.0887274742126465
 1850 1500 0.0021234499290585518 10.456090126981902 8.112935600214275 14.709447178759863 13.625 25.247304916381836 7.5902056694030762
 1200 500 0.085641801357269287 0.06070524883281226 0.051029391860186971 0.074462066924987427 0.06005859375 0.10171352326869965 0.036601871252059937
 1650 750 0.0061607197858393192 0.45628904811227433 0.36430178409104769 0.60943157030560291 0.431640625 0.74477857351303101 0.25482940673828125
 1500 300 0.014190300367772579 0.18251696845763282 0.14913304225380375 0.2366342632684108 0.16748046875 0.28631046414375305 0.098342642188072205
 1100 500 0.16349099576473236 0.045998260233658217 0.039095327893118301 0.055898083899342692 0.04931640625 0.081948243081569672 0.029817402362823486
 1100 550 0.16349099576473236 0.05493315671444339 0.046741384965001666 0.066784801833632571 0.06005859375 0.10075593739748001 0.036066681146621704
 1150 850 0.11768700182437897 0.43665401076523114 0.36903449293771495 0.5330969341400742 0.626953125 1.1717486381530762 0.35376128554344177
 2300 800 0 9.514185721926987 9.5145068348951281 9.5145068348951281 7.84375 13.409012794494629 4.650733470916748
 1800 1350 0.0027613299898803234 4.1327977127007216 3.2223882630053384 5.7411378223014093 5.046875 8.7886486053466797 2.9924042224884033
 2150 1000 0 5.1231453216718119 5.1231453216718119 5.1231453216718119 4.234375 7.2387304306030273 2.4998648166656494
 1650 1425 0.0061607197858393192 33.32257622175527 26.62050020766894 44.437551138418492 36.625 55.457557678222656 26.029144287109375
 1650 1150 0.0061607197858393192 1.7430451027064642 1.394122308069808 2.3289084414795513 1.6796875 2.89823317527771 1.0044844150543213
 700 400 3.5250999927520752 0.034179090469472206 0.029759664028378648 0.039541200702503124 0.04736328125 0.087009616196155548 0.027225792407989502
 1050 450 0.22936700284481049 0.033275374740365127 0.028346748217976451 0.040128134497689844 0.03564453125 0.060366559773683548 0.021907985210418701
 2250 400 0 8.6743688032039454 8.6743688032039454 8.6743688032039454 6.28125 10.537596702575684 3.7563047409057617
 1250 650 0.06270270049571991 0.10422994324108249 0.087480441761491404 0.12836249884683698 0.10888671875 0.18267132341861725 0.065879322588443756
 2250 1400 0 10.256234080714188 10.258619445110337 10.258619445110337 9.65625 16.507511138916016 5.7500114440917969
 2300 1300 0 10.388899693608005 10.388924288948239 10.388924288948239 9.53125 16.293821334838867 5.6391458511352539
 2050 700 0 2.9736206392505511 2.9736206392505511 2.9736206392505511 2.4296875 4.1148495674133301 1.4421634674072266
 1900 1450 0.0016354699619114399 8.2719034009404115 6.3647714056085851 11.82266942396695 9.0625 15.781473159790039 5.3396511077880859
 1250 750 0.06270270049571991 0.16947032557496122 0.142684373148947 0.20939068748188971 0.18994140625 0.32470780611038208 0.11370950937271118
 1700 750 0.0047032302245497704 0.58856665463010649 0.46658337855417797 0.79655324388531645 0.541015625 0.92487466335296631 0.3207801878452301
 1950 200 0.0012641999637708068 1.8933562644472919 1.4514708018587705 2.7176517117947028 1.51953125 2.5976624488830566 0.90096384286880493
 1400 850 0.025297699496150017 0.34500823776862594 0.28574362619893667 0.43697440155074807 0.3642578125 0.61689662933349609 0.21876117587089539
 1650 1 0.0061607197858393192 0.47172234362375359 0.37770309525182366 0.63160225478698262 0.3447265625 0.58931547403335571 0.20461565256118774
 700 100 3.5250999927520752 0.004272020354759507 0.0036004055138502012 0.0048929042474017102 0.00537109375 0.0084540490061044693 0.003482818603515625
 1700 1250 0.0047032302245497704 2.6396990239049121 2.0933107826329858 3.5720205106491902 3.0390625 5.2437801361083984 1.8096718788146973
 1800 1000 0.0027613299898803234 1.316422834885338 1.0277276956972541 1.8298385389451697 1.14453125 1.9383454322814941 0.67934715747833252
 2050 900 0 3.0333552007489071 3.0333552007489071 3.0333552007489071 2.5546875 4.3672780990600586 1.5114760398864746
 2100 700 0 3.9310353824816406 3.9310353824816406 3.9310353824816406 3.0703125 5.2487473487854004 1.8224124908447266
 2050 1550 0 13.969136016534961 13.949445261012809 13.949445261012809 14.25 24.587802886962891 8.4582195281982422
 1650 500 0.0061607197858393192 0.4088020885689399 0.32659093322272076 0.54497001797375422 0.3642578125 0.62270444631576538 0.21551243960857391
 1850 1300 0.0021234499290585518 3.2244843479001561 2.5012431380399054 4.5357878802368417 3.546875 6.0068864822387695 2.1165783405303955
 1500 1050 0.014190300367772579 0.97339869277618796 0.79446133384061857 1.2613535551869468 1.05859375 1.8265609741210938 0.63036125898361206
 1250 1000 0.06270270049571991 1.5965113405544682 1.3401476174734863 1.9666564469803476 2.3359375 3.7326095104217529 1.4005430936813354
 2300 900 0 10.888567815114495 10.888866094499342 10.888866094499342 7.90625 13.389799118041992 4.7129745483398438
 2150 1500 0 10.900851440925418 10.92343399349639 10.92343399349639 9.96875 16.882789611816406 5.9551477432250977
 1400 1000 0.025297699496150017 0.71364609147181546 0.59130285422632733 0.90402437312978445 0.86328125 1.5583785772323608 0.49763220548629761
 2300 1350 0 12.445848611198068 12.441310518946766 12.441310518946766 10.46875 17.896492004394531 6.1938161849975586
 2200 1 0 7.3429375507764796 7.3429375507764796 7.3429375507764796 5.296875 8.9706363677978516 3.2064659595489502
 750 525 2.2658500671386719 0.10264416539464183 0.089401663049705843 0.11997660001564374 0.1796875 0.31004354357719421 0.099762260913848877
 2100 100 0 4.539673588874912 4.539673588874912 4.539673588874912 3.171875 5.3717970848083496 1.8968403339385986
 2050 1450 0 7.8794296083318773 7.8789978285077513 7.8789978285077513 7.53125 12.874789237976074 4.5038280487060547
 1900 500 0.0016354699619114399 1.5232313644152742 1.1721039508446196 2.172056932845698 1.18359375 2.0045006275177002 0.70102500915527344
 1950 400 0.0012641999637708068 1.7246044818477628 1.3222840478944167 2.4854618598349445 1.44921875 2.4774620532989502 0.85742753744125366
 2250 1100 0 8.922124563083571 8.922124563083571 8.922124563083571 6.90625 11.806342124938965 4.099268913269043
 1100 1 0.16349099576473236 0.024919135126732113 0.020976154198390627 0.030002774798614729 0.02490234375 0.041975375264883041 0.014943838119506836
 2200 1000 0 6.6884741549032105 6.6884741549032105 6.6884741549032105 5.171875 8.8414011001586914 3.0665194988250732
 900 350 0.67747801542282104 0.016211921579420353 0.013938199123882139 0.019068576835574284 0.01806640625 0.030452722683548927 0.01121211051940918
 1050 600 0.22936700284481049 0.063185598664947384 0.053702663933440663 0.076332370604281524 0.078125 0.13355590403079987 0.047056674957275391
 2050 1500 0 9.9580276842917996 9.958382123813708 9.958382123813708 9.78125 16.56524658203125 5.8867568969726562
 1350 200 0.034018699079751968 0.080391029830398503 0.066695506063807003 0.10089707014159009 0.07666015625 0.13105173408985138 0.045786008238792419
 1250 850 0.06270270049571991 0.26587421301163516 0.22344208171153748 0.32740536398379605 0.3486328125 0.61822789907455444 0.20276491343975067
 2200 1100 0 7.1398069935406765 7.1398069935406765 7.1398069935406765 5.671875 9.6961593627929688 3.3665938377380371
 1300 1075 0.046052500605583191 4.3878182249945006 3.6754657807391835 5.4717865945953363 4.953125 7.6777100563049316 3.3366103172302246
 1500 600 0.014190300367772579 0.23354368930239813 0.18991808767118812 0.30233251819321605 0.2119140625 0.35889160633087158 0.12551355361938477
 1650 300 0.0061607197858393192 0.40013026994309875 0.31969349372243488 0.53460565592422382 0.3466796875 0.59265434741973877 0.2042289674282074
 1350 550 0.034018699079751968 0.11341101553492892 0.094462975838148236 0.14244852827595458 0.10693359375 0.1828046441078186 0.063607670366764069
 950 500 0.46635198593139648 0.034255029424269057 0.029248339889619862 0.040907105560263959 0.04443359375 0.075959920883178711 0.026474654674530029
 1850 600 0.0021234499290585518 0.96818870024736037 0.75032734426290582 1.3615061139309992 0.91015625 1.5559263229370117 0.53510010242462158
 800 400 1.4890999794006348 0.019608334647356639 0.016874707096870955 0.023034392340570191 0.02587890625 0.045271940529346466 0.015529870986938477
 850 500 0.99613702297210693 0.038521429219379379 0.033209058921502929 0.045468961498625088 0.05224609375 0.094313636422157288 0.030807465314865112
 1800 800 0.0027613299898803234 0.95966357405049618 0.74841963231796294 1.3345293634234521 0.84765625 1.4490816593170166 0.49935418367385864
 2300 1200 0 12.437788435956284 12.438841868079447 12.438841868079447 9.21875 15.612611770629883 5.4660015106201172
 1500 750 0.014190300367772579 0.28404002108787041 0.23119712003654599 0.36688562031024968 0.2705078125 0.45381128787994385 0.1622857004404068
 1750 200 0.0035984199494123459 0.6945384054451722 0.54643086563119547 0.95369842439869346 0.544921875 0.9315524697303772 0.32309627532958984
 1500 1100 0.014190300367772579 1.1980105237343457 0.97518456497431805 1.5518132807529506 1.46484375 2.5975961685180664 0.85195338726043701
 1450 400 0.018888700753450394 0.16759065649112595 0.13744986480814581 0.21483160472469359 0.13916015625 0.23567767441272736 0.082245185971260071
 1350 750 0.034018699079751968 0.21043415901469514 0.17461465935918058 0.26420060841035137 0.2060546875 0.34896832704544067 0.12361834943294525
 2100 1200 0 4.9594759803564461 4.9594759803564461 4.9594759803564461 4.28125 7.3188638687133789 2.5302660465240479
 1500 900 0.014190300367772579 0.44085578467676689 0.35853767445383045 0.57045865838266974 0.447265625 0.76460754871368408 0.26718825101852417
 1300 500 0.046052500605583191 0.088513804262337459 0.073930966516243632 0.11034676390144335 0.08544921875 0.14471435546875 0.051035359501838684
 2200 900 0 6.2013425096088115 6.2013425096088115 6.2013425096088115 5.046875 8.5874776840209961 2.9891891479492188
 1300 300 0.046052500605583191 0.064563440566063446 0.053764616032911348 0.080290005594290059 0.06298828125 0.1066751554608345 0.037141710519790649
 1750 1400 0.0035984199494123459 6.1887046724773489 4.8670239918926059 8.4943019490638587 8.46875 15.55767822265625 4.8165884017944336
 1800 500 0.0027613299898803234 0.98372009861097698 0.7695507634152331 1.3680869650350576 0.71484375 1.2106389999389648 0.42430213093757629
 1900 1500 0.0016354699619114399 10.125488613529875 7.7936189709751282 14.443865728202152 13.90625 24.881568908691406 7.9982261657714844
