 850 0 0.01896120049059391 11.957296562292814 10.418521433414742 13.984376028160987 12.8125 16.847122192382812 10.202336311340332
 350 150 3.7866098880767822 3.4346122403521187 3.0150086214811771 3.9685354270050919 3.1593749523162842 3.9779462814331055 2.4029395580291748
 350 200 3.7866098880767822 4.814080238920873 4.3045782512743775 6.0389176884331812 4.2937498092651367 5.8169913291931152 3.3776195049285889
 750 300 0.043141800910234451 11.844195440512845 10.389454343345149 13.725904756743235 11.34375 14.825433731079102 9.2242393493652344
 600 0 0.17459900677204132 3.7432383555281294 3.3069674742808317 4.3141601783509271 3.6281249523162842 4.7706122398376465 2.9152438640594482
 550 250 0.29612800478935242 6.0168666933108996 5.6232606634821725 7.4280466802755232 5.6859374046325684 7.5217528343200684 4.5550141334533691
 375 175 2.6116199493408203 4.4736991607551007 3.9294032508378018 5.1837685443830042 3.7687499523162842 4.9254746437072754 2.9794723987579346
 450 250 0.9483330249786377 4.8496934311461537 4.2817362421818332 5.6166006553336292 5.0718750953674316 6.7094287872314453 4.0171175003051758
 600 200 0.17459900677204132 5.6248226584750718 5.1850166590571423 6.749683683831087 5.3718748092651367 6.9992265701293945 4.356041431427002
 600 400 0.17459900677204132 14.178452557807324 12.567161100570216 16.911697945172008 13.5625 17.833295822143555 10.863699913024902
 550 375 0.29612800478935242 13.418745143789767 12.813748494158162 16.790309797847851 12.46875 16.295724868774414 10.07891845703125
 325 125 5.6047101020812988 3.1884454736967576 2.8000773225551434 3.7003943307003304 2.9812500476837158 3.6110696792602539 2.3107235431671143
 750 100 0.043141800910234451 7.9128623204347406 6.9716208690548909 9.1896332000500607 7.84375 10.313726425170898 6.3214621543884277
 525 325 0.39030298590660095 10.030858163420412 9.5541220043226875 12.589727968955192 9.1687498092651367 11.982871055603027 7.3893108367919922
 250 75 21.594900131225586 3.0189686855205791 2.645994072805701 3.5621270287505364 2.7468750476837158 3.4585704803466797 2.1150217056274414
 325 175 5.6047101020812988 3.9770798958555824 3.5102482242588549 4.7867247117262783 3.2718749046325684 4.2760958671569824 2.6211044788360596
 850 250 0.01896120049059391 14.789286796808412 12.895493256620737 17.334602910196516 15.3125 20.256439208984375 12.26686954498291
 400 50 1.8353699445724487 1.9036519376610448 1.6709189663976871 2.2058640483878595 1.5984375476837158 2.1272671222686768 1.1835843324661255
 650 50 0.1070450022816658 4.9847613518383156 4.4217804077857563 5.7229222030219864 4.7437500953674316 6.1997270584106445 3.8459727764129639
 700 450 0.0670476034283638 21.184256155579543 18.692580709406187 24.400358725433453 19.8125 26.05140495300293 15.680764198303223
 750 200 0.043141800910234451 8.7809978922066758 7.7197590248622872 10.179358966193984 9.09375 11.957347869873047 7.3069424629211426
 800 350 0.028333799913525581 16.234230401209988 14.195132928472315 18.916603935111013 15.5625 20.463090896606445 12.59846305847168
 650 250 0.1070450022816658 7.9810740724512961 7.4713814167719903 9.7583647263764401 7.4718751907348633 9.7056159973144531 6.058927059173584
 900 300 0.01288949977606535 19.856796504505859 17.207397405974724 23.41484533622981 20.953125 27.55120849609375 16.78558349609375
 950 450 0.0088346498087048531 34.694499231885111 29.974951882738807 41.094248801760699 34.71875 45.928375244140625 27.896951675415039
 900 50 0.01288949977606535 16.2905006073773 14.147551575925814 19.208610591848206 17.0625 22.571460723876953 13.504254341125488
 700 300 0.0670476034283638 9.4892959662031551 8.3707811456232832 10.955386796047348 9.4968748092651367 12.638835906982422 7.5621705055236816
 800 400 0.028333799913525581 20.390464217224135 17.866381465849678 23.795811617836751 19.0625 25.065231323242188 15.316958427429199
 650 350 0.1070450022816658 12.181507589457738 10.791719437082937 13.992895443417009 12 15.778768539428711 9.626953125
 800 150 0.028333799913525581 10.365447217409073 9.095336071921448 12.078521655400026 10.453125 13.661453247070312 8.3988981246948242
 950 200 0.0088346498087048531 23.082382459005775 19.953882576437351 27.462081828371446 24.40625 32.286281585693359 19.316524505615234
 650 200 0.1070450022816658 6.621238355774798 6.1337492549506596 8.0538288149880355 6.3187499046325684 8.3085079193115234 5.0770020484924316
 950 400 0.0088346498087048531 27.32001079722863 23.621740866549061 32.49079619919447 29.984375 40.143489837646484 23.607845306396484
 425 275 1.3116899728775024 7.9088304038968245 6.963565417416282 9.1601378424695579 6.6937499046325684 8.7482309341430664 5.3948545455932617
 275 100 13.323100090026855 2.951375378514232 2.5831457323904106 3.4417905124478771 2.5406250953674316 3.2393908500671387 1.9155094623565674
 300 100 8.5161504745483398 2.9437135668668706 2.5854905919992719 3.423517695729462 2.8359375 3.2994084358215332 2.5186600685119629
 850 450 0.01896120049059391 25.669371457703914 22.42328424318314 30.145913972879171 25.8125 33.735008239746094 20.803688049316406
 950 50 0.0088346498087048531 21.465644509815412 18.546934334382588 25.421211145228497 23.0625 30.508676528930664 18.347665786743164
 750 250 0.043141800910234451 10.42313690608421 9.1625514914980855 12.08728848031631 10.03125 13.190064430236816 8.1569728851318359
 700 50 0.0670476034283638 6.26334633771119 5.5161360160857171 7.2129610650634088 5.8687500953674316 7.716804027557373 4.7156147956848145
 750 0 0.043141800910234451 7.3097792069041798 6.4283839902370179 8.4734383884302638 7.34375 9.7148227691650391 5.8830904960632324
 250 100 21.594900131225586 2.6391486184513568 2.3175713673415377 3.084395663463892 2.2406249046325684 2.7854297161102295 1.7534284591674805
 300 125 8.5161504745483398 3.028337487760421 2.6572086535034418 3.5172942239429776 3.2531249523162842 3.9663152694702148 2.5048208236694336
 900 150 0.01288949977606535 17.060378119108879 14.806028917338425 20.115348923163612 17.8125 23.56361198425293 14.226679801940918
 800 200 0.028333799913525581 11.456588883340389 10.017316990083202 13.323790514992487 11.5 15.121319770812988 9.2403945922851562
 850 50 0.01896120049059391 11.741770900682489 10.23054499148493 13.732150321531625 12.28125 16.148584365844727 9.8089218139648438
 600 50 0.17459900677204132 4.1983186386291651 3.700806890959778 4.8349821248227345 3.9562499523162837 5.2020626068115234 3.2075109481811523
 550 350 0.29612800478935242 12.352375328037096 11.972310599555298 15.748280892252033 11.643750190734863 15.403162002563477 9.2436122894287109
 550 300 0.29612800478935242 6.9569195935366475 6.1322481395886017 8.0061951755937759 7.3687500953674316 9.9828720092773438 5.7254657745361328
 275 75 13.323100090026855 2.5144827090567121 2.1958686927140745 2.9243803068157916 2.296875 2.7821135520935059 1.8329508304595947
 600 250 0.17459900677204132 6.490673120493299 5.7239973071179877 7.4672666767441784 6.09375 8.0126562118530273 4.9257874488830566
 500 300 0.51848000288009644 8.113758988653295 7.2401219947180637 9.4745640450036142 7.6125001907348633 10.00965690612793 6.0651655197143555
 425 225 1.3116899728775024 5.6073758487373402 4.9477481642192185 6.4936494774195435 5.021484375 6.68280029296875 3.9500820636749268
 350 50 3.7866098880767822 2.1506353757788874 1.8944807090973113 2.4954319436240948 1.9781249761581419 2.3802545070648193 1.6073170900344849
 225 75 36.381801605224609 2.4874516831037115 2.1786144680048016 2.8995785753959504 2.203125 2.6861212253570557 1.7090556621551514
 600 150 0.17459900677204132 4.5837509067756343 4.0484900748319044 5.2700745497936978 4.3687500953674316 5.7792859077453613 3.4892804622650146
 700 150 0.0670476034283638 7.1570068226671442 6.3045725083696373 8.2486300722461774 6.8718748092651367 9.1453762054443359 5.487454891204834
 600 300 0.17459900677204132 9.8731189760583931 8.7245666472514696 11.35919108631114 9.1687498092651367 12.055965423583984 7.366786003112793
 900 0 0.01288949977606535 15.777043717524004 13.69787371548623 18.575177214415447 17.0625 22.571460723876953 13.421982765197754
 300 175 8.5161504745483398 4.3273056162877515 3.7983421175951562 5.0258371285778232 3.9468750953674312 5.2212004661560059 3.1614868640899658
 525 350 0.39030298590660095 12.221782604816628 10.779012444958262 14.074726036872271 11.71875 15.315530776977539 9.4444160461425781
 950 350 0.0088346498087048531 26.673398928083973 23.055155218238461 31.714413951163074 27.5625 36.241859436035156 22.213264465332031
 700 350 0.0670476034283638 13.383598476656562 12.209697525923955 15.995280581321312 12.660937309265137 16.546899795532227 10.235429763793945
 500 100 0.51848000288009644 3.7258566358041403 3.2882076981478243 4.440936166056094 3.1781249046325684 4.2295808792114258 2.5097274780273438
 550 100 0.29612800478935242 3.7415699632063353 3.3099918627939786 4.3146977062231811 3.6714844703674316 4.8861641883850098 2.8734452724456787
 750 350 0.043141800910234451 14.396154138058955 13.0059599225249 17.176628892008598 13.9765625 18.266323089599609 11.264466285705566
 700 100 0.0670476034283638 6.0793953181829821 5.3534209331344806 7.0133646614387741 6.1218748092651367 8.0496368408203125 4.9337625503540039
 700 0 0.0670476034283638 6.0189782357765624 5.4601777884065772 7.157971769119853 5.8218750953674316 7.6087560653686523 4.6921634674072266
 800 100 0.028333799913525581 10.098476064389434 8.8635588235156924 11.770035097739568 10.09375 13.191777229309082 8.1834602355957031
 450 275 0.9483330249786377 5.8045724329783788 5.1133723445455175 6.7180902114967456 5.5687499046325684 7.4999127388000488 4.3078446388244629
 400 200 1.8353699445724487 5.2459002275579882 4.764002121076004 6.4334474452176282 4.3968749046325684 5.8164916038513184 3.451495885848999
 950 0 0.0088346498087048531 20.737281370800858 17.923060647052903 24.606781921283794 22.703125 30.214262008666992 17.947441101074219
 800 250 0.028333799913525581 11.066388580789491 9.6935115227509314 12.895563537616908 11.40625 14.998047828674316 9.2200641632080078
 850 200 0.01896120049059391 13.938251396779519 12.119121672712048 16.2967661387951 14.3125 18.819469451904297 11.465767860412598
 700 400 0.0670476034283638 17.026939227237285 15.516891324510892 20.749808546072629 16.0625 21.120538711547852 13.061320304870605
 700 200 0.0670476034283638 7.6123876265037413 6.7287495316253318 8.782905773231672 7.4203124046325684 9.6977939605712891 5.9804301261901855
 850 100 0.01896120049059391 12.919789099809959 11.261276795016327 15.142928201066653 13.15625 17.508884429931641 10.444339752197266
 900 400 0.01288949977606535 26.810665142308665 23.264757732210505 31.61600931280773 26.0625 34.269512176513672 21.005176544189453
 850 400 0.01896120049059391 20.662620737946988 17.977955650797828 24.188711403460424 20.65625 26.996175765991211 16.672256469726562
 900 200 0.01288949977606535 18.158124829353888 15.735200241501541 21.41369610399828 19.3125 25.547916412353516 15.285035133361816
 750 150 0.043141800910234451 8.2435073330659847 7.2502491164378746 9.535522444093953 7.96875 10.47808837890625 6.4606261253356934
 275 125 13.323100090026855 3.0064414671898785 2.6321587169502894 3.5471725789881452 2.671875 3.4067394733428955 2.166454553604126
 650 0 0.1070450022816658 4.8516129769305323 4.3040652960364927 5.5818565633794615 4.59375 6.0403099060058594 3.6911358833312988
 950 150 0.0088346498087048531 23.370971670873015 20.194437159519204 27.789877966973144 25.0625 33.354217529296875 19.956764221191406
 850 350 0.01896120049059391 20.117994397440793 17.537283290622312 23.583318815939101 20.0625 26.380128860473633 16.265575408935547
 900 100 0.01288949977606535 15.826745389331037 13.769961334166513 18.698527564559186 17.0625 22.435436248779297 13.483686447143555
 350 175 3.7866098880767822 4.3777744631581763 3.9011238845123337 5.2087214594498983 3.6375000476837158 4.7829394340515137 2.8383002281188965
 750 450 0.043141800910234451 23.672599412361397 21.595205230396289 28.420137127632135 22.40625 29.283294677734375 18.11174201965332
 750 50 0.043141800910234451 7.7694680357937518 6.8491365846297647 9.027795491081644 7.84375 10.251194953918457 6.3313961029052734
 550 150 0.29612800478935242 4.2672009352426326 3.7798617335399864 5.0646496142806132 4.0687499046325684 5.4797344207763672 3.2006266117095947
 700 250 0.0670476034283638 8.3193871229858249 7.3353135875751576 9.5987576547465601 8.2687501907348633 10.806638717651367 6.663853645324707
 850 150 0.01896120049059391 14.437825107817378 12.579617957531658 16.926819714785992 14.0625 18.602851867675781 11.231589317321777
 800 300 0.028333799913525581 14.834225523188682 13.016176486756203 17.277111371736844 13.484375 17.838068008422852 10.802355766296387
 950 100 0.0088346498087048531 21.297221593174747 18.399051912940159 25.259233791377557 22.953125 30.363988876342773 18.172391891479492
 300 0 8.5161504745483398 1.7604148951662475 1.5421535372689044 2.0450845544499572 1.6171875 1.9846197366714478 1.2479063272476196
 550 0 0.29612800478935242 3.4898230102158299 3.0803355251496312 4.0771277169580191 3.3093750476837158 4.4042539596557617 2.6104958057403564
 950 300 0.0088346498087048531 25.910828879774797 22.430878700439759 30.738095704692558 26.90625 35.807956695556641 21.295169830322266
 850 300 0.01896120049059391 17.652366178832448 15.388449421975272 20.65424556989214 17.5625 23.092885971069336 14.069348335266113
 350 0 3.7866098880767822 1.947161689525053 1.7127269390591937 2.2552347705534759 1.8046875 2.2291076183319092 1.4336217641830444
 950 250 0.0088346498087048531 22.472682916938709 19.384320203294678 26.602206170355494 24.71875 32.699680328369141 19.56385612487793
 900 350 0.01288949977606535 23.063188683691855 20.012267459672682 27.187264918772854 22.5625 29.48750114440918 18.292438507080078
 650 150 0.1070450022816658 6.1085716865968331 5.5995804352589538 7.3204408210710614 5.8359375 7.6969213485717773 4.6890711784362793
 800 50 0.028333799913525581 9.6698018428419026 8.4686062419538182 11.258775058153665 9.78125 12.861339569091797 7.8357758522033691
 800 0 0.028333799913525581 9.7728858402903214 8.5752106244525415 11.388656169636068 10.09375 13.191777229309082 8.1591243743896484
