 1125 800 0.13900899887084961 1.642159586662254 1.3935584369274605 1.9992041843680262 1.6171875 2.6872532367706299 1.0011060237884521
 950 625 0.46635198593139648 0.54590848654830681 0.46860689182560172 0.65158008080628993 0.560546875 0.92251384258270264 0.34970030188560486
 1600 1275 0.008100779727101326 32.331132197083228 25.996927758961316 42.67291190560055 28.625 46.19647216796875 18.066867828369141
 1425 1125 0.021895900368690491 18.292187941809889 15.107404734093423 23.294948244784216 14.8125 22.310993194580078 9.3863048553466797
 1350 700 0.034018699079751968 0.76181180144574046 0.63271370845481889 0.95399905065229929 0.94140625 1.5342990159988403 0.5918048620223999
 1650 0 0.0061607197858393192 6.6135513103367227 5.2860609238260965 8.8346212758740332 8.40625 11.589478492736816 6.0502653121948242
 925 650 0.56188899278640747 1.0387678967814686 0.89556075889877751 1.2404712056649247 0.93359375 1.3727123737335205 0.61594021320343018
 850 300 0.99613702297210693 0.050289942962914336 0.043758842473489393 0.059706622176750587 0.06494140625 0.10480573028326035 0.040727108716964722
 1125 825 0.13900899887084961 2.6884707830416037 2.2854764171416768 3.2793270816773754 2.3984375 3.765556812286377 1.5137903690338135
 1650 650 0.0061607197858393192 2.127850755629404 1.7004308364978689 2.8422806131749927 2.7265625 4.4437375068664551 1.7217000722885132
 625 300 7.151939868927002 0.054700763691980486 0.047906918227355474 0.06311419750801335 0.060644529759883881 0.096904285252094269 0.037677042186260223
 775 500 1.8318799734115601 0.45176376399790008 0.39341916552206324 0.53012038142230189 0.3720703125 0.56635487079620361 0.24045532941818237
 1250 150 0.06270270049571991 0.27407129485494419 0.2301391959687154 0.33751884687330413 0.3720703125 0.58415192365646362 0.23834902048110962
 1425 1100 0.021895900368690491 11.622290037544534 9.5886997474385787 14.792757208923067 9.953125 16.221551895141602 6.2569246292114258
 1400 350 0.025297699496150017 0.52953521568815509 0.43772702739204555 0.66832130402727175 0.697265625 1.1252825260162354 0.44183951616287231
 1000 450 0.32538801431655884 0.13442828760590744 0.11496383966659117 0.16144146360515349 0.17041015625 0.27773359417915344 0.10712650418281555
 1350 100 0.034018699079751968 0.56864760179943918 0.47216695082556276 0.71234081382103365 0.775390625 1.1864590644836426 0.50585079193115234
 1650 500 0.0061607197858393192 1.8668724632021079 1.4885319358075291 2.493681474930594 2.4296875 3.9598920345306396 1.5396313667297363
 1350 450 0.034018699079751968 0.46377291410024535 0.38621592883341388 0.58299283018872483 0.591796875 0.96450746059417725 0.37500667572021484
 1100 300 0.16349099576473236 0.13268255556423755 0.11260759583614602 0.16103365832113717 0.17138671875 0.27659255266189575 0.10817191004753113
 1150 350 0.11768700182437897 0.17445459292636029 0.14800886907352478 0.21329870382009111 0.2216796875 0.35775789618492126 0.13991466164588928
 1150 300 0.11768700182437897 0.15965457064334704 0.13525494775047553 0.19497129937528998 0.2099609375 0.33884558081626892 0.13251829147338867
 850 575 0.99613702297210693 0.73209559908375699 0.63415311132199526 0.86377512759795605 0.595703125 0.89726442098617554 0.38648074865341187
 1275 925 0.053690601140260696 3.027197713004103 2.5373855626045208 3.7368037956185072 3.203125 5.2204365730285645 1.9665426015853882
 1100 0 0.16349099576473236 0.33399734484535093 0.28378658483021685 0.40456066820955056 0.408203125 0.58230441808700562 0.29847237467765808
 1300 700 0.046052500605583191 0.69836046460088941 0.58500093101245176 0.87055753827901716 0.82421875 1.3433073759078979 0.52021133899688721
 1650 1000 0.0061607197858393192 4.2725044300671673 3.4143005911403566 5.707001053646156 4.96875 8.0980424880981445 3.1360609531402588
 1250 600 0.06270270049571991 0.43233666137913074 0.3627786449752709 0.53350562581791672 0.529296875 0.86264526844024658 0.3327367901802063
 1100 700 0.16349099576473236 0.66358956884905396 0.56480691389048265 0.80709740653992035 0.751953125 1.2255293130874634 0.46720549464225769
 1200 350 0.085641801357269287 0.21516204219671908 0.18123390238553208 0.26406553549936429 0.2744140625 0.44286328554153442 0.17388921976089478
 975 675 0.38926601409912109 1.0480242099053767 0.89914045689926658 1.2547425311122424 0.92578125 1.4793118238449097 0.58253335952758789
 1075 725 0.19388100504875183 0.79534624951341126 0.67594916615651657 0.96167776917221515 0.91796875 1.5107369422912598 0.56475192308425903
 725 450 2.8195700645446777 0.29478727257921666 0.25780407938909689 0.34388853545038356 0.240234375 0.37716895341873169 0.15585945546627045
 1300 0 0.046052500605583191 0.98456085958808404 0.82410967551551551 1.2250211814356167 1.23828125 1.7466729879379272 0.91138452291488647
 825 525 1.2166999578475952 0.35869048425217759 0.31220549669437708 0.42343091210128514 0.3193359375 0.52045202255249023 0.20275707542896271
 1700 750 0.0047032302245497704 2.9717621168897557 2.356698111582348 4.0213198583639187 3.765625 6.1371960639953613 2.3861808776855469
 1200 925 0.085641801357269287 6.2863254973012639 5.304769836426777 7.7118004645093414 5.359375 7.8160853385925293 3.6765151023864746
 1050 550 0.22936700284481049 0.23318437252547494 0.1992866407522127 0.28191818172589361 0.2900390625 0.47270414233207703 0.18028527498245239
 950 0 0.46635198593139648 0.13329028735497517 0.11458996876672606 0.15937937909674038 0.16455078125 0.23735639452934265 0.1191270723938942
 1000 725 0.32538801431655884 1.9432186408100378 1.6650012100362004 2.3343489633455849 1.6953125 2.4454047679901123 1.1505236625671387
 1200 900 0.085641801357269287 4.0015659007768303 3.3699681005615338 4.9103297766590277 3.515625 5.5755996704101562 2.2121520042419434
 1100 250 0.16349099576473236 0.12526173240891331 0.10663607429294016 0.15212594411094582 0.16162109375 0.26083230972290039 0.10200826823711395
 1050 450 0.22936700284481049 0.15707120002507449 0.13394282955346748 0.18968301407836319 0.1982421875 0.31993326544761658 0.12462281435728073
 1350 750 0.034018699079751968 0.92920828186460047 0.77379600524198455 1.1679845257794856 1.10546875 1.7840614318847656 0.69772422313690186
 850 350 0.99613702297210693 0.065579133975745288 0.057023762649357872 0.07752347610511616 0.08349609375 0.13242049515247345 0.052195250988006592
 875 575 0.8202589750289917 0.54512818371091187 0.47050955754565948 0.64669440994757443 0.478515625 0.77988225221633911 0.30109846591949463
 1125 850 0.13900899887084961 4.1850310668544344 3.5516786802749705 5.106785239963985 3.390625 4.971900463104248 2.2513022422790527
 925 600 0.56188899278640747 0.45925521564149252 0.3963474840032648 0.54786454465820389 0.455078125 0.74893981218338013 0.28403151035308838
 1700 600 0.0047032302245497704 2.5632953475457079 2.0327669574671936 3.4685894532893071 3.265625 5.322298526763916 2.0693435668945312
 650 325 5.6004800796508789 0.066130720114151956 0.057941858074154584 0.076474085539329911 0.074121095240116119 0.11843857169151306 0.046897970139980316
 1200 300 0.085641801357269287 0.20935037528982459 0.17637662039632704 0.25640559255551626 0.2666015625 0.42600435018539429 0.16893863677978516
 1350 650 0.034018699079751968 0.68620622468419146 0.57117472687494464 0.86249990721684155 0.83984375 1.3687729835510254 0.52631843090057373
 1300 650 0.046052500605583191 0.581639698562463 0.48523165544444735 0.7218665385779035 0.705078125 1.1491326093673706 0.44323974847793579
 1000 400 0.32538801431655884 0.11121543480601057 0.095337991832307428 0.13366138231159208 0.13916015625 0.224583700299263 0.087656714022159576
 1000 0 0.32538801431655884 0.18112193819870212 0.15513540872155954 0.21764860184749979 0.2216796875 0.31799477338790894 0.15995128452777863
 1475 1200 0.016355600208044052 31.656998910153092 25.893572521463383 40.685068075534524 27.953125 40.098159790039062 19.958869934082031
 1100 775 0.16349099576473236 1.452183315848395 1.2337535494890863 1.7620818842529 1.375 2.2409677505493164 0.86650848388671875
 1300 100 0.046052500605583191 0.42407400524763661 0.35379152270619668 0.52794902961414414 0.587890625 0.89955711364746094 0.38025945425033569
 1350 300 0.034018699079751968 0.40972828196971506 0.33997341735895559 0.5132284601003344 0.541015625 0.86449235677719116 0.34282785654067993
 1325 975 0.039572801440954208 3.6748473986196295 3.0636200392830681 4.5906833102757174 3.890625 6.5270185470581055 2.3886299133300781
 1050 150 0.22936700284481049 0.1041185299340962 0.088671771694246129 0.12555630785827032 0.13818359375 0.21474559605121613 0.088216021656990051
 1250 300 0.06270270049571991 0.25727758724208949 0.21667192191894771 0.3178962009711811 0.3330078125 0.53211534023284912 0.21101859211921692
 1050 300 0.22936700284481049 0.10413732268584418 0.088688738823123323 0.12557938690678341 0.1357421875 0.21906760334968567 0.085503742098808289
 950 600 0.46635198593139648 0.3929226656674405 0.33705184861178139 0.46881932479015387 0.427734375 0.67495465278625488 0.26781368255615234
 1150 250 0.11768700182437897 0.15342648658599212 0.12993186706639268 0.18713070545914445 0.2060546875 0.32925611734390259 0.1305716335773468
 1300 900 0.046052500605583191 2.2585561048373983 1.892960845417996 2.8109152178003289 2.4609375 4.1285357475280762 1.5108802318572998
 1075 775 0.19388100504875183 2.0193096470355698 1.7240963159096225 2.4457748914590809 1.6640625 2.6391170024871826 1.0607585906982422
 1050 200 0.22936700284481049 0.096561112832504153 0.082224061222108763 0.11639527175285824 0.12841796875 0.20519989728927612 0.081051886081695557
 1150 400 0.11768700182437897 0.18842903412516879 0.15945099234429097 0.22948774622570456 0.2392578125 0.38612636923789978 0.15047438442707062
 1000 500 0.32538801431655884 0.16651176681969213 0.14278372383112298 0.20039098592768184 0.2099609375 0.34554088115692139 0.12997451424598694
 1100 200 0.16349099576473236 0.12599504594578606 0.10726315902114573 0.15298728855876195 0.16650390625 0.26273921132087708 0.10571890324354172
 1700 300 0.0047032302245497704 2.1718984784048048 1.7224489648533805 2.9356625646788039 2.9140625 4.749323844909668 1.8539042472839355
 1650 600 0.0061607197858393192 2.0367175019158568 1.6278354255263721 2.7205308540248572 2.6015625 4.2400131225585938 1.6485440731048584
 1300 350 0.046052500605583191 0.33364718647873359 0.27926696019736946 0.41580328845961922 0.4375 0.70605963468551636 0.27723264694213867
 1150 450 0.11768700182437897 0.21577884666008046 0.18238734310196431 0.26348535848356264 0.2626953125 0.42395099997520447 0.16580197215080261
 1200 750 0.085641801357269287 0.82197415192429557 0.69248468809941477 1.0066985813324549 1.00390625 1.6681740283966064 0.62603974342346191
 950 200 0.46635198593139648 0.061433988020353887 0.052591408652336392 0.073367863156825558 0.07958984375 0.12717711925506592 0.049954965710639954
 1200 800 0.085641801357269287 1.2633199536631012 1.0657414581414248 1.5454869201493819 1.37890625 2.2473342418670654 0.85184323787689209
 1350 200 0.034018699079751968 0.41739503568099862 0.34634362339125735 0.52284831715702262 0.556640625 0.88280326128005981 0.35413050651550293
 1175 850 0.10035999864339828 2.3285680046447794 1.969007293738221 2.8489648140575441 2.2578125 3.7517688274383545 1.3976795673370361
 675 375 4.4313201904296875 0.12053444154358492 0.10583394152082577 0.1402569087254496 0.1201171875 0.19385118782520294 0.076266422867774963
 1100 150 0.16349099576473236 0.1279237936157808 0.10891311824760294 0.15525470627043253 0.17236328125 0.2692369818687439 0.1096561998128891
 1275 950 0.053690601140260696 4.7676924770950695 3.9977069990066529 5.9039385525996497 4.296875 7.0715346336364746 2.6708931922912598
 1700 1000 0.0047032302245497704 4.7635172542046984 3.7775799722170582 6.4458071540094855 5.640625 9.1930608749389648 3.5743207931518555
 1000 600 0.32538801431655884 0.33357907728593783 0.28604348971707566 0.40144976203512489 0.3857421875 0.62253028154373169 0.23879039287567139
 900 300 0.67747801542282104 0.058891866201949417 0.050605856785877437 0.069743006967271953 0.07666015625 0.12249575555324554 0.047727778553962708
 1025 675 0.27277800440788269 0.6315053046242477 0.53990351437062589 0.76137605810001829 0.708984375 1.1554989814758301 0.43798738718032837
 825 500 1.2166999578475952 0.24349645905599199 0.21157993756302018 0.28746619452688232 0.2412109375 0.3969702422618866 0.15163466334342957
 1650 200 0.0061607197858393192 1.8259202357446103 1.4562271127927706 2.4389628474645866 2.4765625 3.95731520652771 1.5755701065063477
 1000 550 0.32538801431655884 0.23339092996640609 0.20020650979134727 0.28069008343928437 0.2802734375 0.45678818225860596 0.17350086569786072
 1625 1275 0.0070594199933111668 24.309122371962328 19.506120828063626 32.304119871056557 23.984375 39.472019195556641 14.78620433807373
 1175 900 0.10035999864339828 5.7241884886504915 4.8401800569328071 6.9924901757993618 4.859375 7.0868878364562988 3.280463695526123
 1300 850 0.046052500605583191 1.4867342938057631 1.2428133873821763 1.8555602670648619 1.7578125 2.9209272861480713 1.0836794376373291
 900 500 0.67747801542282104 0.18081840200444699 0.15650910229342302 0.21536805974006729 0.2177734375 0.34798157215118408 0.13425585627555847
 900 625 0.67747801542282104 1.0014665274229486 0.86521768542332034 1.1905533278658849 0.87890625 1.3028125762939453 0.58201920986175537
 1075 800 0.19388100504875183 3.0420706742873151 2.5909338619445759 3.6860718462114761 2.6484375 3.8413541316986084 1.8230032920837402
 1200 600 0.085641801357269287 0.38744786486936056 0.32637129725022562 0.47439104204939669 0.466796875 0.76078307628631592 0.29462206363677979
 1050 400 0.22936700284481049 0.13320721769336771 0.11348366919372684 0.16081177067790872 0.16845703125 0.27455037832260132 0.10589869320392609
 875 600 0.8202589750289917 0.7850286295862785 0.67863037429160067 0.93082084282590205 0.662109375 0.9761737585067749 0.43624699115753174
 1350 1025 0.034018699079751968 7.2106552072948391 5.9930798956046409 9.0702524198816672 6.78125 11.052045822143555 4.2648739814758301
 875 550 0.8202589750289917 0.32240490743699723 0.27871027964938339 0.38263660658268372 0.3447265625 0.56732994318008423 0.2151569128036499
 1400 100 0.025297699496150017 0.69472892561677024 0.57498440426017861 0.87995470425863165 0.98046875 1.5080744028091431 0.63083565235137939
 1250 800 0.06270270049571991 1.1571661919763245 0.9708726304986417 1.4234177948926088 1.33203125 2.1921756267547607 0.82118821144104004
 1075 750 0.19388100504875183 1.3814619830700483 1.178640604004529 1.6759906420253246 1.21484375 1.999315619468689 0.75822997093200684
 1650 700 0.0061607197858393192 2.2940005680321387 1.8330732305709558 3.0642009999299291 2.8984375 4.7238583564758301 1.8366663455963135
 1575 1275 0.009308929555118084 42.903138004574252 34.579890837358597 56.257955263113558 36.625 55.165580749511719 23.416505813598633
 1200 100 0.085641801357269287 0.25639540383536324 0.21674747832550795 0.3153164243001384 0.3466796875 0.52770596742630005 0.22294598817825317
 1150 600 0.11768700182437897 0.35703337096305954 0.30290658425746941 0.43658258987907328 0.431640625 0.70348560810089111 0.27025949954986572
 1100 400 0.16349099576473236 0.15738270916029987 0.13382276429965959 0.19123490519812991 0.19287109375 0.31126514077186584 0.121246337890625
 1175 875 0.10035999864339828 3.6676631180409096 3.108619235844738 4.4995404790014391 3.171875 4.9039974212646484 2.0099368095397949
 775 450 1.8318799734115601 0.17005191527273328 0.14835981609058435 0.19994318961475815 0.18212890625 0.29683274030685425 0.11390560120344162
 1625 1300 0.0070594199933111668 39.043380271009923 31.332674502562252 51.799501954828912 33.25 53.130390167236328 21.069681167602539
 1100 50 0.16349099576473236 0.23254426679936455 0.19814954970857837 0.28287064065121537 0.2919921875 0.42351213097572327 0.20371419191360474
 1550 1225 0.010702700354158878 22.280218710212875 18.035993569627848 29.079238839365168 20.5625 33.512653350830078 12.676641464233398
 1475 1175 0.016355600208044052 24.036698094532458 19.664006507983071 30.908782185048082 20.4375 30.620594024658203 13.092306137084961
 1150 200 0.11768700182437897 0.15816599760344 0.13400295096172693 0.19316596062428848 0.2099609375 0.33298718929290771 0.13304692506790161
 1450 1150 0.018888700753450394 21.065073638174407 17.233580231692834 26.959427642538337 17.3125 26.9046630859375 10.970491409301758
 1550 1250 0.010702700354158878 34.036057190065641 27.610764911257164 44.500539851720859 30.375 45.751659393310547 19.533836364746094
 1350 400 0.034018699079751968 0.44345848640169183 0.36784585843350404 0.55650634672214916 0.564453125 0.91094303131103516 0.35767960548400879
 625 325 7.151939868927002 0.071638700370158945 0.062740515981608444 0.08270349551997129 0.084082029759883881 0.13703645765781403 0.05277450755238533
 1200 850 0.085641801357269287 1.8973426715682051 1.6015296116090525 2.3275131716053221 1.953125 3.1831929683685303 1.209065318107605
 1400 0 0.025297699496150017 1.7539120559804751 1.4491886199759882 2.2201436823261069 2.2109375 3.0657880306243896 1.616066575050354
 1700 650 0.0047032302245497704 2.6221676766711934 2.0794427274047038 3.5482531626352927 3.359375 5.4750919342041016 2.1287508010864258
 1650 850 0.0061607197858393192 2.9220014420225597 2.3350334866768492 3.9030558925008965 3.546875 5.7806782722473145 2.2475647926330566
 950 50 0.46635198593139648 0.10379896680144352 0.089046992009593262 0.12389398888722906 0.12841796875 0.18933163583278656 0.089253388345241547
 1300 50 0.046052500605583191 0.65453891849569268 0.54692230660623731 0.81429384359333334 0.86328125 1.2590049505233765 0.59321606159210205
 1100 550 0.16349099576473236 0.25698979245259457 0.21880348762451815 0.3118516877129256 0.3076171875 0.50625759363174438 0.19260573387145996
 1250 450 0.06270270049571991 0.31362709616447704 0.26358024465011698 0.38677396625371691 0.392578125 0.63356244564056396 0.24963837862014771
 1125 775 0.13900899887084961 1.0915255841665199 0.92488589057540582 1.3267189054043624 1.16015625 1.9278120994567871 0.71227216720581055
 1150 875 0.11768700182437897 4.5294372968381129 3.8370111352188685 5.5271096227852565 3.953125 5.7021880149841309 2.8048453330993652
 1450 1125 0.018888700753450394 13.701842177600588 11.23417984253069 17.558951554358501 12.21875 19.914054870605469 7.5950489044189453
 1650 1250 0.0061607197858393192 17.714693233678986 14.194163781616155 23.664467847187129 19.6875 32.400485992431641 12.23228931427002
 1350 900 0.034018699079751968 2.0470268147367072 1.701109179178097 2.568209248021196 2.4140625 3.9729166030883789 1.4944047927856445
 1400 50 0.025297699496150017 1.0662051138566087 0.88042388696482665 1.3456478964457927 1.46484375 2.1363205909729004 0.98934400081634521
 950 300 0.46635198593139648 0.072802825868519966 0.062600821367073789 0.086815886164216607 0.09423828125 0.15208651125431061 0.058671727776527405
 1300 975 0.046052500605583191 5.5748027772506639 4.6645245516560996 6.9471607437785137 4.953125 8.0725774765014648 3.1261992454528809
 1100 825 0.16349099576473236 3.5995193127822662 3.0599157938337265 4.3623798160418046 3.0078125 4.3625998497009277 2.038658618927002
 900 600 0.67747801542282104 0.6813324465050965 0.58908868278044502 0.81147197477589295 0.580078125 0.92228615283966064 0.36977148056030273
 1350 600 0.034018699079751968 0.5946306919495794 0.49414437495713825 0.74529552672241162 0.740234375 1.2064300775527954 0.46554931998252869
 1350 950 0.034018699079751968 2.8849639712551913 2.3979751649165246 3.6202723370847796 3.234375 5.32293701171875 2.0169687271118164
 1400 1100 0.025297699496150017 14.518010670808387 12.033759434015511 18.359459883481868 12.28125 18.694169998168945 7.8095827102661133
 1000 700 0.32538801431655884 1.2029836606864681 1.0284779114194151 1.4446101085576881 0.98046875 1.566697359085083 0.62284660339355469
 1400 900 0.025297699496150017 2.0354498081429622 1.6835407478056565 2.5733662099268142 2.3671875 3.858029842376709 1.4684032201766968
 1250 0 0.06270270049571991 0.76557824952821996 0.6436415473742606 0.9434752594273389 0.94921875 1.3464995622634888 0.69405537843704224
 1700 1150 0.0047032302245497704 8.583259257729102 6.8064658485584175 11.613732817322635 9.65625 15.583745002746582 6.094609260559082
 600 325 9.2035303115844727 0.12418368191609686 0.10924414443234945 0.14403258578341666 0.10576172173023224 0.17405618727207184 0.066917657852172852
 1400 650 0.025297699496150017 0.80175697068344975 0.66191375891589621 1.0119041026445612 0.97265625 1.5852301120758057 0.6163475513458252
 1700 900 0.0047032302245497704 3.8026475279113177 3.0156022971629657 5.145641742118551 4.640625 7.5632662773132324 2.9082150459289551
 1350 800 0.034018699079751968 1.2477416779145718 1.0352898044308521 1.5664987180469703 1.421875 2.3173644542694092 0.8902665376663208
 1250 925 0.06270270049571991 3.5792706589631638 3.0101132487078437 4.4153721909793688 3.390625 5.5800833702087402 2.1075773239135742
 1650 50 0.0061607197858393192 3.7396058307748072 2.9883963493676911 4.9953278770450638 5.265625 7.8052949905395508 3.5218124389648438
 1400 950 0.025297699496150017 2.6366342197859129 2.1806064824120748 3.3342992529571354 3.140625 5.1686487197875977 1.9585057497024536
 1300 550 0.046052500605583191 0.45122608617018811 0.37793615105474981 0.5621083958744798 0.552734375 0.90084362030029297 0.34886211156845093
 1350 1000 0.034018699079751968 4.5756177872522024 3.8152602566861966 5.7598735903821359 4.796875 7.8944039344787598 2.9572410583496094
 1400 150 0.025297699496150017 0.57839156271204795 0.47731697752613311 0.72918592913004587 0.80078125 1.2540379762649536 0.51146697998046875
 1050 725 0.22936700284481049 1.034409584597151 0.88405504811193536 1.2500896852227787 1.01953125 1.6778823137283325 0.63373005390167236
 1650 300 0.0061607197858393192 1.7179101449039345 1.3705589706812278 2.2946381323483447 2.2890625 3.6942048072814941 1.4562840461730957
 1000 675 0.32538801431655884 0.7449338143284886 0.63942948858136428 0.89680063238093044 0.7578125 1.2471615076065063 0.47297948598861694
 1000 650 0.32538801431655884 0.56626783436846873 0.4844473448449263 0.6792901929221451 0.607421875 0.970603346824646 0.37447148561477661
 1300 600 0.046052500605583191 0.51172229264105074 0.42841072954667736 0.63782353094246413 0.619140625 1.0090721845626831 0.39077490568161011
 900 575 0.67747801542282104 0.40305547443060719 0.34712525590421828 0.47838774591964472 0.390625 0.6366385817527771 0.24479925632476807
 1025 700 0.27277800440788269 0.92712051415889984 0.79378439193628758 1.118223113097738 0.89453125 1.4864274263381958 0.55375194549560547
 1150 650 0.11768700182437897 0.44310137576261455 0.37568822626850013 0.54096785058157848 0.525390625 0.86465579271316528 0.32895839214324951
 900 450 0.67747801542282104 0.12744670374188935 0.11015208406364131 0.15157540799501648 0.15966796875 0.2551344633102417 0.10037355124950409
 1250 550 0.06270270049571991 0.38725805778407951 0.32498331975253358 0.47679393849920737 0.466796875 0.76078307628631592 0.29462206363677979
 1050 50 0.22936700284481049 0.17728109496491612 0.15140251756755185 0.21426539140328454 0.2236328125 0.32792776823043823 0.1556670069694519
 1575 1300 0.009308929555118084 56.736983615875161 45.82174360241941 75.32787046168815 50.25 72.082550048828125 36.630531311035156
 1200 500 0.085641801357269287 0.28642866419827484 0.24151508627020846 0.35082532338361172 0.3525390625 0.56894534826278687 0.22250747680664062
 1300 150 0.046052500605583191 0.33865795610233801 0.2834585851529276 0.42209963364098513 0.466796875 0.72915166616439819 0.29814785718917847
 850 200 0.99613702297210693 0.041952458974431533 0.036183346687964926 0.04937577063885934 0.05419921875 0.084012791514396667 0.0343971848487854
 1300 500 0.046052500605583191 0.41492131886895844 0.34620017914106055 0.51544800668241053 0.517578125 0.84354609251022339 0.3260214626789093
 1050 750 0.22936700284481049 1.7450441485136887 1.4866413182909952 2.107762000867361 1.50390625 2.3491497039794922 0.9529871940612793
 625 350 7.151939868927002 0.16146489684849369 0.1420267679195506 0.18702638708624164 0.12832030653953552 0.20708979666233063 0.082928679883480072
 1400 1075 0.025297699496150017 10.310895955435555 8.5283544402396707 13.055568068049222 8.59375 14.143069267272949 5.3417863845825195
 775 475 1.8318799734115601 0.2684351912248219 0.23350777425186536 0.31519210730730551 0.2548828125 0.41540667414665222 0.15973150730133057
 900 50 0.67747801542282104 0.079770997571059252 0.068641661068589363 0.094836215002988028 0.09716796875 0.14480780065059662 0.067416802048683167
 1100 100 0.16349099576473236 0.16132270220215608 0.13715128055423023 0.1959879824652164 0.2158203125 0.3250744640827179 0.13973686099052429
 950 675 0.46635198593139648 1.2533496393904828 1.0772128474141662 1.4979028768366669 1.04296875 1.5792627334594727 0.66615462303161621
 925 625 0.56188899278640747 0.71900101657358095 0.61950608986223643 0.85676126786059181 0.599609375 0.96767997741699219 0.38297653198242188
 1275 975 0.053690601140260696 7.3984116615342153 6.2135370122013196 9.1817241721014824 5.984375 9.3000774383544922 3.8524141311645508
 725 400 2.8195700645446777 0.11691521690608885 0.10239872418988269 0.13666496032788344 0.12841796875 0.20519989728927612 0.08121354877948761
 1700 700 0.0047032302245497704 2.8167244961342917 2.2337489961641928 3.8115184652201668 3.578125 5.8316092491149902 2.2583584785461426
 1200 50 0.085641801357269287 0.38690583785028282 0.32650303937621805 0.47366927174149398 0.505859375 0.72967725992202759 0.35259097814559937
 700 375 3.5250999927520752 0.097283610555322586 0.08502242584049588 0.11303464894820031 0.10224609076976776 0.16500991582870483 0.063916288316249847
 1100 450 0.16349099576473236 0.182467395379634 0.15511439670018673 0.22199161413719148 0.2236328125 0.36090993881225586 0.14114740490913391
 800 500 1.4890999794006348 0.36204447118097982 0.31477488215116955 0.42581194087804236 0.2939453125 0.48375725746154785 0.18700575828552246
 1300 800 0.046052500605583191 1.1112197281013483 0.92769162517337334 1.3804667090122882 1.31640625 2.1664609909057617 0.82091593742370605
 700 400 3.5250999927520752 0.16470009230682781 0.14466773811524231 0.191736943267799 0.15478515625 0.24980011582374573 0.098473131656646729
 1050 650 0.22936700284481049 0.45018911580525911 0.3848594233023519 0.54442928614038666 0.505859375 0.84057796001434326 0.3125033974647522
 1250 50 0.06270270049571991 0.5111255789918342 0.42995998295411597 0.63202108683754377 0.669921875 0.96632933616638184 0.46617305278778076
 900 400 0.67747801542282104 0.091913435567552687 0.079490108223449346 0.10948832594357316 0.11767578125 0.1899111270904541 0.072996117174625397
 1050 700 0.22936700284481049 0.72041207190978063 0.61490083072419333 0.87172979039662513 0.78515625 1.2921621799468994 0.48204275965690613
 1700 250 0.0047032302245497704 2.1797064674839861 1.7286719235770041 2.9462300393787322 2.9609375 4.778510570526123 1.883725643157959
 1350 350 0.034018699079751968 0.41915912767735586 0.34781101184683499 0.52626026616534971 0.544921875 0.87942248582839966 0.34530317783355713
 1350 0 0.034018699079751968 1.299709055769511 1.0800002987788697 1.6303401599217082 1.6328125 2.3162009716033936 1.2011646032333374
 850 400 0.99613702297210693 0.085549067228076661 0.074046964571639534 0.10134236384339718 0.10595703125 0.1680423766374588 0.06596769392490387
 925 575 0.56188899278640747 0.31989212818527429 0.27544959747402742 0.38113987236462421 0.3544921875 0.56644535064697266 0.2215089350938797
 900 350 0.67747801542282104 0.075480410908911208 0.065321293114448079 0.089749862610444958 0.09716796875 0.15526531636714935 0.060495719313621521
 1400 1050 0.025297699496150017 6.1240808868074161 5.0661727494690414 7.7442588997397683 6.28125 10.437446594238281 3.8273012638092041
 1525 1250 0.012337399646639824 42.724001309776071 34.75823990630073 55.982480732811652 38.375 54.436260223388672 27.916675567626953
 1650 1200 0.0061607197858393192 11.763519378305528 9.4279592850659331 15.752278178584589 13.0625 21.497465133666992 8.1787128448486328
 1700 100 0.0047032302245497704 3.1551271449285552 2.5020530083397907 4.2695519624733116 4.453125 6.8316717147827148 2.8818655014038086
 1250 975 0.06270270049571991 8.4110835202309353 7.0723365820255939 10.375885785589549 6.84375 10.062728881835938 4.5690093040466309
 1525 1225 0.012337399646639824 30.417202916509666 24.686296864785518 39.581397127240223 26.125 39.558464050292969 16.55474853515625
 1200 0 0.085641801357269287 0.56278386478114384 0.47454697472470503 0.68923826818115497 0.701171875 1.0002262592315674 0.51437747478485107
 900 0 0.67747801542282104 0.10305812898900922 0.08876053942582296 0.12233968025456746 0.12353515625 0.17917820811271667 0.089284762740135193
 1650 1100 0.0061607197858393192 6.3285110594567522 5.0578235768245658 8.4531341338356789 7.15625 11.549118041992188 4.4986991882324219
 1050 250 0.22936700284481049 0.097349321802170624 0.082896607088176352 0.11735216592158323 0.12841796875 0.20519989728927612 0.081051886081695557
 1300 300 0.046052500605583191 0.32314810438567299 0.27017032487461135 0.40225837683087218 0.416015625 0.67138707637786865 0.26361852884292603
 1650 250 0.0061607197858393192 1.7293450766509104 1.3796377342847272 2.3098746769550065 2.3359375 3.7698540687561035 1.4890460968017578
 900 150 0.67747801542282104 0.049503856930114394 0.042909122918109895 0.059088946322720146 0.06396484375 0.098895266652107239 0.040879875421524048
 1650 950 0.0061607197858393192 3.670451875760969 2.9332080841987493 4.9028253483111319 4.390625 7.1558175086975098 2.772479772567749
 1650 1050 0.0061607197858393192 5.108973806919237 4.0827549361808142 6.824366450621091 5.890625 9.5065889358520508 3.7179088592529297
 1250 400 0.06270270049571991 0.28113023866662717 0.236113078319384 0.3462278869289494 0.3603515625 0.58155357837677002 0.22743839025497437
 1650 550 0.0061607197858393192 1.956147197567677 1.5640365169696664 2.6129252694411136 2.5234375 4.1126852035522461 1.5990383625030518
 1350 150 0.034018699079751968 0.44749964328480707 0.37117950150185125 0.56154458442540844 0.619140625 0.96711748838424683 0.39758169651031494
 1300 750 0.046052500605583191 0.84432628658406206 0.70439343774343777 1.0487597367414896 1.02734375 1.6743594408035278 0.64582860469818115
 1375 1100 0.029291899874806404 18.236413258148474 15.145222628729098 22.966026428934455 15.6875 22.628446578979492 10.825969696044922
 1050 775 0.22936700284481049 2.3958266483149093 2.0441649645998576 2.8947017627905569 1.9921875 2.9848055839538574 1.2996671199798584
 1000 150 0.32538801431655884 0.078825151020065848 0.067319986356835115 0.094693534091864942 0.10693359375 0.16618122160434723 0.067117407917976379
 1050 0 0.22936700284481049 0.24876124804349153 0.21231516889510366 0.30053377387216029 0.3037109375 0.43324565887451172 0.22133694589138031
 1700 950 0.0047032302245497704 4.2427261794319335 3.3645848915205865 5.7411250895186843 5.078125 8.276301383972168 3.2114863395690918
 1150 750 0.11768700182437897 0.88467614588142873 0.74768360221756169 1.0800759497531804 1.00390625 1.6681740283966064 0.61634325981140137
 875 525 0.8202589750289917 0.24043413566462624 0.20811776143273694 0.28541934380755446 0.2607421875 0.42079892754554749 0.16074579954147339
 1150 700 0.11768700182437897 0.59385054120169911 0.50234517259023326 0.72348087316355458 0.705078125 1.1603745222091675 0.44146460294723511
 1700 350 0.0047032302245497704 2.1830029184126691 1.7311859431684418 2.950721319439833 2.8984375 4.7238583564758301 1.843963623046875
 1150 0 0.11768700182437897 0.43784416343301719 0.37097146413327031 0.53429048709996763 0.529296875 0.75082588195800781 0.39084264636039734
 650 375 5.6004800796508789 0.18307271020226831 0.16110549808030605 0.21141054278954993 0.1611328125 0.25554829835891724 0.10433703660964966
 975 700 0.38926601409912109 1.6400192235526456 1.4042401046497044 1.9606675799403885 1.34765625 1.9869023561477661 0.89154529571533203
 1150 50 0.11768700182437897 0.30392178074566251 0.25728822322270561 0.37163012595394118 0.3818359375 0.55382359027862549 0.26702472567558289
 1350 850 0.034018699079751968 1.4582898173034318 1.2132836990389764 1.8342176304364168 1.7734375 2.8903391361236572 1.0978312492370605
 800 475 1.4890999794006348 0.18443124484900991 0.1606964756767201 0.217479942983233 0.2021484375 0.33590665459632874 0.12616848945617676
 1150 825 0.11768700182437897 2.1661447395298419 1.8342278820039866 2.6371925847075302 1.9453125 3.2014765739440918 1.2141432762145996
 1250 200 0.06270270049571991 0.24911938527912758 0.20974951898466809 0.30723561943547029 0.3369140625 0.53432828187942505 0.2143421471118927
 725 425 2.8195700645446777 0.18162329277814543 0.15918235584781246 0.21245128454461004 0.18359375 0.30214738845825195 0.11505565047264099
 850 500 0.99613702297210693 0.19274458836719899 0.16663062824894381 0.22746334006344851 0.2236328125 0.35734429955482483 0.13786810636520386
 1200 250 0.085641801357269287 0.19486250281550502 0.16414772841301425 0.23860000993098182 0.2568359375 0.41039979457855225 0.16275042295455933
 1050 100 0.22936700284481049 0.12187696415779396 0.104125466073945 0.14739098246587859 0.16357421875 0.24768400192260742 0.10478599369525909
 1650 150 0.0061607197858393192 2.0135940115792605 1.6097838076253783 2.6868617512680655 2.7734375 4.3985285758972168 1.7784049510955811
 1275 1000 0.053690601140260696 10.109070274688072 8.4770978942438973 12.516738691184933 9.125 12.944127082824707 6.7059059143066406
 1150 500 0.11768700182437897 0.23998972863846341 0.20356136120288651 0.29335172184645009 0.2998046875 0.4886201024055481 0.18922379612922668
 1500 1225 0.014190300367772579 37.031802042107003 30.243250481982752 49.301561464665262 33.125 47.253028869628906 23.927120208740234
 1400 200 0.025297699496150017 0.52651843486398742 0.43521794273230996 0.66450637941133195 0.712890625 1.1391324996948242 0.45353555679321289
 1375 1075 0.029291899874806404 12.908497656204451 10.681920920706281 16.265383438658038 10.34375 15.99234676361084 6.6066570281982422
 1650 100 0.0061607197858393192 2.4833499213145607 1.9845069753835314 3.3172223631187885 3.484375 5.3593721389770508 2.2667632102966309
 950 450 0.46635198593139648 0.13043090151117484 0.11229945978578591 0.15583074144209469 0.16259765625 0.25981584191322327 0.10143745690584183
 1650 750 0.0061607197858393192 2.3784615703582088 1.9005626130214388 3.1770113731095653 2.9921875 4.8766517639160156 1.8885397911071777
 1400 750 0.025297699496150017 1.0416064927435631 0.86292313858214387 1.3175922553008734 1.23828125 2.0181443691253662 0.78154981136322021
 1000 300 0.32538801431655884 0.087704694781199327 0.075352789832197523 0.10555439838643077 0.11181640625 0.18045496940612793 0.070432938635349274
 1250 250 0.06270270049571991 0.25459990573240382 0.21440821206582644 0.31483821139142421 0.3349609375 0.53523623943328857 0.21267791092395782
 825 475 1.2166999578475952 0.1614998897313239 0.14016840627215227 0.1906382452851233 0.18310546875 0.29258540272712708 0.11283997446298599
 1650 400 0.0061607197858393192 1.7149450759764762 1.3681837294262866 2.290728835137918 2.2578125 3.6797709465026855 1.4228463172912598
 600 300 9.2035303115844727 0.067309751439253773 0.05910588527545383 0.078147788372941923 0.06884765625 0.11220754683017731 0.043386965990066528
 1250 350 0.06270270049571991 0.26887139803305032 0.2257362454157332 0.33110470812094905 0.3427734375 0.5531851053237915 0.21720683574676514
 1700 0 0.0047032302245497704 8.6470985035233561 6.8572145615617481 11.715719138413304 10.84375 14.86354923248291 7.9274735450744629
 1200 875 0.085641801357269287 2.8780330695293967 2.429102791866188 3.5271246606687918 2.7109375 4.4614953994750977 1.6781826019287109
 1200 550 0.085641801357269287 0.32488379242905963 0.27424354718449973 0.39870857199510445 0.400390625 0.65255457162857056 0.2517012357711792
 1300 450 0.046052500605583191 0.36917534204295366 0.30867616259173497 0.45984300781245824 0.470703125 0.76714950799942017 0.2976800799369812
 1700 400 0.0047032302245497704 2.2114750801970926 1.7537662849020959 2.9924637993001939 2.9140625 4.749323844909668 1.8465673923492432
 1700 500 0.0047032302245497704 2.3847284355525415 1.8911577606261376 3.2269534317310216 3.1015625 5.0549101829528809 1.9516096115112305
 950 350 0.46635198593139648 0.083716841529002717 0.072139354084886531 0.10024810762808144 0.10498046875 0.16942279040813446 0.065359696745872498
 850 525 0.99613702297210693 0.32807825153317316 0.28455307395796536 0.38867988118881297 0.3095703125 0.50453609228134155 0.19242569804191589
 1700 450 0.0047032302245497704 2.2472252264360084 1.7821181223720148 3.0408212554895151 2.9609375 4.8257203102111816 1.8762710094451904
 1400 250 0.025297699496150017 0.51967908454157363 0.430522728846504 0.6573739909452011 0.697265625 1.114165186882019 0.44359505176544189
 1050 350 0.22936700284481049 0.11932329152585813 0.10195967796587112 0.14442386849751074 0.14697265625 0.23719191551208496 0.092762812972068787
 1450 1175 0.018888700753450394 26.356575275332155 21.610173892732785 33.833385655516921 22.8125 33.087772369384766 15.874347686767578
 1225 925 0.073225498199462891 5.5949204386436966 4.7258040276950819 6.887364576142966 4.609375 7.1264986991882324 2.9324488639831543
 950 500 0.46635198593139648 0.16520378260582122 0.14217163036640379 0.19783149362532645 0.2021484375 0.32946047186851501 0.12513825297355652
 1150 850 0.11768700182437897 3.1619356563590792 2.6810149862706427 3.8640537630464253 2.703125 4.319340705871582 1.7000534534454346
 1525 1200 0.012337399646639824 20.168663617376925 16.394555044622336 26.290467601984787 18.3125 29.553638458251953 11.476188659667969
 1700 800 0.0047032302245497704 3.1931662853228122 2.5321190329976426 4.3208786292264243 3.953125 6.4427824020385742 2.4950423240661621
 900 100 0.67747801542282104 0.057899050775418577 0.049743568053429874 0.068562822307408441 0.07373046875 0.11281821131706238 0.048666879534721375
 975 650 0.38926601409912109 0.66992281185666469 0.57517466263760086 0.80404745251512555 0.642578125 1.0472704172134399 0.4039497971534729
 975 625 0.38926601409912109 0.44788931289825845 0.38467305469519297 0.53681127048626776 0.490234375 0.7989814281463623 0.30035233497619629
 1425 1150 0.021895900368690491 24.228345587828947 19.953679341672309 30.828306540260144 20.8125 30.021005630493164 14.458646774291992
 1200 450 0.085641801357269287 0.25340945045550423 0.21421340385512327 0.31069378076049353 0.3212890625 0.5185125470161438 0.2012517899274826
 1000 50 0.32538801431655884 0.12974932647633308 0.11118808111527313 0.15579746940030839 0.16748046875 0.24558784067630768 0.11552232503890991
 1225 950 0.073225498199462891 7.2558349067638659 6.1111432317913206 8.9273828358617688 6.28125 9.1605434417724609 4.3636455535888672
 1700 850 0.0047032302245497704 3.4315367867337838 2.7213149565810206 4.6434623599913172 4.25 6.9266276359558105 2.6877670288085938
 1100 350 0.16349099576473236 0.14263585232686832 0.12112368418116498 0.17292949858572124 0.17822265625 0.28762474656105042 0.11293517053127289
 1700 150 0.0047032302245497704 2.5567966422021668 2.0275854137295548 3.4598483057791589 3.546875 5.5968842506408691 2.2743544578552246
 1300 1025 0.046052500605583191 11.258458306381325 9.3884004688264877 13.978767940281038 9.84375 14.199124336242676 6.9843969345092773
 1050 500 0.22936700284481049 0.19482849406845859 0.16590419634066994 0.23486421833348708 0.2314453125 0.38089856505393982 0.14520424604415894
 1700 200 0.0047032302245497704 2.321567217281213 1.8430308345551814 3.1415421109486301 3.171875 5.068359375 2.0179224014282227
 1400 500 0.025297699496150017 0.61208456615098927 0.50617283113866529 0.77561647387100185 0.775390625 1.2637275457382202 0.48939317464828491
 850 450 0.99613702297210693 0.12412287912312089 0.10766790314379759 0.14698158793401003 0.14892578125 0.23796945810317993 0.09287068247795105
 900 200 0.67747801542282104 0.050751535235475674 0.043988753983517426 0.060571545474287031 0.06591796875 0.10296598076820374 0.041373744606971741
 950 400 0.46635198593139648 0.097552320741908297 0.083678096455781906 0.11639319278156167 0.12255859375 0.19974535703659058 0.076582290232181549
 1700 1250 0.0047032302245497704 15.7369801922886 12.47187587637829 21.244337333991609 17.6875 29.109006881713867 10.904224395751953
 1300 1000 0.046052500605583191 8.2281786642657142 6.8601532510163006 10.215670307653424 7.34375 10.944268226623535 4.7044219970703125
 675 400 4.4313201904296875 0.21735166453159538 0.19082862169837295 0.2524510819391606 0.18408203125 0.29047706723213196 0.11896543204784393
 1300 200 0.046052500605583191 0.32120665443431951 0.26855791299940113 0.39985763206726943 0.431640625 0.68455970287322998 0.27460646629333496
 950 150 0.46635198593139648 0.0616802759261178 0.052803313461672254 0.073457632359148123 0.08251953125 0.12889815866947174 0.051793798804283142
 1400 600 0.025297699496150017 0.73747653463433349 0.61038630404214766 0.93339904175221766 0.91015625 1.4688562154769897 0.57674288749694824
 1100 500 0.16349099576473236 0.2084998919098652 0.17690459962656341 0.25277184164716326 0.2587890625 0.42177304625511169 0.16203340888023376
 1250 900 0.06270270049571991 2.3054809250904515 1.9381757788591878 2.835538559592834 2.4453125 4.0633344650268555 1.5012874603271484
 1200 200 0.085641801357269287 0.19473067676806952 0.16403699094159879 0.23843793213478159 0.2607421875 0.41456297039985657 0.16555394232273102
 1400 700 0.025297699496150017 0.92739544797985551 0.76846240636257934 1.1743885605431503 1.11328125 1.8144199848175049 0.70265519618988037
 1400 400 0.025297699496150017 0.54438923286886953 0.45008879929145224 0.68710476665739462 0.701171875 1.1315866708755493 0.44187009334564209
 1150 800 0.11768700182437897 1.3886087881574471 1.1783300246969357 1.6948077884100994 1.46875 2.3703429698944092 0.90547442436218262
 1100 650 0.16349099576473236 0.437840031418047 0.3713911562458041 0.53185541237724454 0.525390625 0.86465579271316528 0.32763558626174927
 900 550 0.67747801542282104 0.25297174349800705 0.2186353875530237 0.30078375175002176 0.3017578125 0.48699203133583069 0.18526270985603333
 1550 1275 0.010702700354158878 48.214707989219768 39.02710439353045 64.016126345040803 43.625 61.535785675048828 32.205520629882812
 650 350 5.6004800796508789 0.11410402540684125 0.10041569933636685 0.13188370691551063 0.11044921725988388 0.17824853956699371 0.070443056523799896
 1350 1075 0.034018699079751968 14.196796806116861 11.800317353823353 17.812340909778818 12.03125 17.450399398803711 8.281489372253418
 1175 825 0.10035999864339828 1.666751591830729 1.4057015231071903 2.0391659930129102 1.7734375 2.8620631694793701 1.095571756362915
 1250 850 0.06270270049571991 1.6007592219654168 1.3434266749234489 1.9753194645133831 1.8515625 3.0767102241516113 1.1414756774902344
 1650 350 0.0061607197858393192 1.705377796710988 1.3606049527331447 2.2778984043310793 2.2578125 3.6797709465026855 1.4307184219360352
 1025 750 0.27277800440788269 2.0490323474314978 1.7516571909915304 2.4690034171035968 1.7265625 2.628124475479126 1.1071197986602783
 1350 550 0.034018699079751968 0.55313856321350174 0.45919916794328103 0.69288227197824226 0.671875 1.0950183868408203 0.42405855655670166
 1600 1300 0.008100779727101326 49.860297118078215 40.1623417470066 65.750758851061903 41.9375 62.833084106445312 26.96955680847168
 1025 725 0.27277800440788269 1.4599670237346494 1.2458982607749451 1.7546724509253679 1.29296875 2.0660431385040283 0.81687510013580322
 1700 50 0.0047032302245497704 4.871857063386952 3.8634312269745354 6.5926616847706532 6.65625 9.866633415222168 4.5115251541137695
 1000 250 0.32538801431655884 0.079323516661437693 0.06779965490766908 0.095367207320124131 0.10400390625 0.16618850827217102 0.065278574824333191
 1250 700 0.06270270049571991 0.65111006120713633 0.54822395056610496 0.80445117253812071 0.7734375 1.2605444192886353 0.48426586389541626
 1350 50 0.034018699079751968 0.84665787844057738 0.70321118079824618 1.0640060371177062 1.11328125 1.6236037015914917 0.76403886079788208
 1500 1175 0.014190300367772579 18.412524200511353 15.001597344348129 23.874111927513017 15.4375 25.159955978393555 9.7046184539794922
 1400 300 0.025297699496150017 0.50709701276694896 0.42004901502790171 0.64220883463387479 0.671875 1.0843058824539185 0.42575013637542725
 1325 1000 0.039572801440954208 6.6500411137202589 5.5429716327326073 8.3074731730622311 6 9.6831035614013672 3.7869415283203125
 1650 1300 0.0061607197858393192 27.229879336293898 21.707593686954233 36.28573997691413 27.625 45.903995513916016 16.960231781005859
 1150 100 0.11768700182437897 0.1993043215779004 0.16848414835617631 0.24284768639321674 0.2685546875 0.40878632664680481 0.17203670740127563
 1400 550 0.025297699496150017 0.67131546440300938 0.55601723696074168 0.85016378617129751 0.85546875 1.3942384719848633 0.53993499279022217
 1375 1025 0.029291899874806404 5.520694045184892 4.5770356441774869 6.9528378097237367 5.609375 9.3210039138793945 3.44384765625
 1300 400 0.046052500605583191 0.35253325311597622 0.29521325456214453 0.43947732515709198 0.455078125 0.73442810773849487 0.28722572326660156
 900 250 0.67747801542282104 0.052892569366024281 0.045837417555281812 0.063118319060320227 0.06884765625 0.11001211404800415 0.042863801121711731
 675 350 4.4313201904296875 0.081855367574813737 0.07211562319690358 0.095258041368437546 0.08349609375 0.1360815018415451 0.051983758807182312
 1100 750 0.16349099576473236 1.0362106338979409 0.88224102981814678 1.2613841339013496 1.10546875 1.7840614318847656 0.68433094024658203
 750 450 2.2658500671386719 0.22370844417137137 0.19528062015463199 0.26150284544285357 0.2041015625 0.32938942313194275 0.13036170601844788
 1400 450 0.025297699496150017 0.56954954914097511 0.47055667185919658 0.71891789691323493 0.724609375 1.1809645891189575 0.45734220743179321
 1350 500 0.034018699079751968 0.49878818780653639 0.41519645103258684 0.62737816151208747 0.623046875 1.0154385566711426 0.39480900764465332
 1700 1200 0.0047032302245497704 10.802059350952639 8.5651739857457692 14.614290459828567 12.28125 20.01591682434082 7.7050151824951172
 1350 250 0.034018699079751968 0.40342293017521591 0.3347304528441401 0.50531349199452713 0.541015625 0.86449235677719116 0.34419000148773193
 750 425 2.2658500671386719 0.13932209172011795 0.12145822328601696 0.16287087863910152 0.15576171875 0.2488926500082016 0.097018331289291382
 1250 750 0.06270270049571991 0.80007357977868776 0.67145768352512802 0.98531439949320232 0.93359375 1.5364515781402588 0.57793319225311279
 950 100 0.46635198593139648 0.073541551455685097 0.063248201816521313 0.087723380497211484 0.09423828125 0.14419810473918915 0.061748966574668884
 1150 550 0.11768700182437897 0.29239010503646284 0.24720515676503321 0.3560213037496075 0.3525390625 0.56894534826278687 0.22206367552280426
 1325 1025 0.039572801440954208 8.6225805224852632 7.189538087859189 10.791390729479634 7.375 11.784560203552246 4.5936203002929688
 950 650 0.46635198593139648 0.88707677065261603 0.76304666311541369 1.0586284822772452 0.78515625 1.2671248912811279 0.48804500699043274
 1325 1050 0.039572801440954208 12.449155738343533 10.378093888248717 15.544253845132923 10.71875 15.803071975708008 7.0190505981445312
 1225 900 0.073225498199462891 3.5711755763969801 3.0091534421266664 4.3942720082122104 3.0703125 5.0039792060852051 1.9202102422714233
 1700 1300 0.0047032302245497704 23.203298273630118 18.445129802090197 31.431690978048088 25.125 41.749786376953125 15.489392280578613
 1250 100 0.06270270049571991 0.32896622827655475 0.27698061228661047 0.40643404476350414 0.447265625 0.68438065052032471 0.28874415159225464
 1700 1050 0.0047032302245497704 5.5045338355040654 4.3652309432677088 7.4485048108145779 6.34375 10.339010238647461 4.0198736190795898
 1400 1125 0.025297699496150017 20.67394096399936 17.097031601435482 26.137939821669452 18.3125 26.414878845214844 12.962459564208984
 1250 950 0.06270270049571991 5.9200182072455352 4.9671511825142272 7.2997664331137218 5.046875 7.8431463241577148 3.162806510925293
 800 525 1.4890999794006348 0.55777266979380247 0.48421679278635632 0.65515827454924569 0.412109375 0.63715732097625732 0.27014809846878052
 1475 1150 0.016355600208044052 16.873783423683932 13.786169171948099 21.656746795304947 14.6875 23.469249725341797 9.1295986175537109
 1300 950 0.046052500605583191 3.4676230268711143 2.8972305497180999 4.3150523761755881 3.578125 5.9457097053527832 2.1802287101745605
 1225 875 0.073225498199462891 2.1747967579159235 1.8319892820866235 2.683221634755788 2.2578125 3.7517688274383545 1.4028300046920776
 950 250 0.46635198593139648 0.063551553377473979 0.054411436602353716 0.07599390361192454 0.08251953125 0.13317419588565826 0.052534177899360657
 825 550 1.2166999578475952 0.57649550885818646 0.5014152388326828 0.6800280978748604 0.470703125 0.72024339437484741 0.29978090524673462
 1200 400 0.085641801357269287 0.23684226588491211 0.20021519002297605 0.29107701771958322 0.2958984375 0.47753587365150452 0.18713083863258362
 1200 700 0.085641801357269287 0.61710528126904118 0.52087382375674385 0.7590215492434581 0.708984375 1.166803240776062 0.442303866147995
 1650 900 0.0061607197858393192 3.2008077482841686 2.5581146837672311 4.2755000643910561 3.796875 6.1881270408630371 2.4059834480285645
 1575 1250 0.009308929555118084 27.720581174639982 22.383912834146393 36.415820741687405 23.8125 38.809486389160156 14.969470977783203
 1700 550 0.0047032302245497704 2.3753498662045489 1.8837036935062126 3.2142449524353562 3.0859375 5.029444694519043 1.9554803371429443
 1300 250 0.046052500605583191 0.31364992636468364 0.2614560302601584 0.39017523526582587 0.416015625 0.66475403308868408 0.26558321714401245
 1250 500 0.06270270049571991 0.3319252759927529 0.27946782310835533 0.41008521173794743 0.412109375 0.67165368795394897 0.2601056694984436
 1000 200 0.32538801431655884 0.076926117451625906 0.065876875533055268 0.092369518705318718 0.10205078125 0.16103370487689972 0.064052686095237732
 1650 450 0.0061607197858393192 1.7851947731463698 1.4238435629368607 2.3845516761157568 2.3671875 3.8202869892120361 1.5000267028808594
 1700 1100 0.0047032302245497704 6.9002982156525068 5.4720543878642607 9.3369871513056673 7.78125 12.557774543762207 4.9111900329589844
 950 550 0.46635198593139648 0.25808870333780526 0.22219243823691959 0.30845700430764283 0.2900390625 0.46807971596717834 0.17954620718955994
 850 250 0.99613702297210693 0.04538441809705232 0.039173380234374527 0.053429972163597579 0.05810546875 0.091920658946037292 0.036028653383255005
 1150 150 0.11768700182437897 0.16981577002788412 0.14391686212523297 0.20759351355764702 0.2275390625 0.35723727941513062 0.14475861191749573
 1650 1150 0.0061607197858393192 8.5660549184459889 6.84476881898701 11.439677719350216 9.75 15.890499114990234 6.1046848297119141
 1350 1050 0.034018699079751968 11.132598649136101 9.2764599723388201 13.96820932760016 10.21875 15.473226547241211 6.462498664855957
 1200 650 0.085641801357269287 0.46807357189302806 0.395722567094967 0.57471853689391994 0.552734375 0.90084362030029297 0.34622648358345032
 1650 800 0.0061607197858393192 2.603015042142498 2.080138735172961 3.4769705851267623 3.234375 5.2713675498962402 2.034168004989624
 1250 650 0.06270270049571991 0.51472066906935943 0.43349419800839434 0.63599663179666233 0.626953125 1.0218049287796021 0.39412730932235718
 1400 850 0.025297699496150017 1.529317656349356 1.263827259239227 1.9329672803375764 1.7890625 2.9158046245574951 1.1201705932617188
 1375 1050 0.029291899874806404 8.8061194521457082 7.3003519630580165 11.09502236491919 7.484375 12.078662872314453 4.7238149642944336
 850 550 0.99613702297210693 0.41188600894995436 0.3561244609554241 0.48635074064527944 0.392578125 0.63982176780700684 0.24789521098136902
 600 275 9.2035303115844727 0.052774978279360722 0.04638903347166165 0.060905122703518402 0.05712890625 0.091286644339561462 0.035492867231369019
 1400 800 0.025297699496150017 1.2520987485458721 1.0337074518648177 1.5839004714623006 1.49609375 2.4383258819580078 0.94426989555358887
 1050 600 0.22936700284481049 0.31941946760484996 0.2725887112120049 0.38602395710872245 0.3779296875 0.62197357416152954 0.23299109935760498
 1100 800 0.16349099576473236 2.3843013027268727 2.0306463552538574 2.9018298215072669 2.0234375 3.1445431709289551 1.2828339338302612
 1500 1200 0.014190300367772579 26.190908511667256 21.286291796748127 33.884714991141053 23.3125 35.113925933837891 14.905045509338379
 1000 100 0.32538801431655884 0.094360388434188938 0.080742470005678579 0.11312245126206874 0.12353515625 0.18804170191287994 0.079529903829097748
 1000 350 0.32538801431655884 0.096894296617764414 0.082816271364332256 0.11618371168864555 0.12255859375 0.19779126346111298 0.076649613678455353
 1100 600 0.16349099576473236 0.32687327605710914 0.27821509122515276 0.39756876347683745 0.400390625 0.65255457162857056 0.24978592991828918
 1400 1000 0.025297699496150017 3.8791549813446857 3.2080477439790269 4.9050129427088862 4.328125 7.1229639053344727 2.673774242401123
 1200 150 0.085641801357269287 0.21161158152119933 0.17825548438318475 0.25913800704428058 0.2861328125 0.44694861769676208 0.18167530000209808
