 1075 750 0.19388100504875183 1.3798441010509122 1.1773080038742216 1.6740322475749789 1.21484375 1.999315619468689 0.75822997093200684
 650 200 5.6004800796508789 0.026718876165624534 0.023428987949430973 0.030985143295357211 0.033105470240116119 0.050788085907697678 0.022230613976716995
 1600 1200 0.008100779727101326 12.243519944448074 9.8490002662992922 16.154342851670037 14.0625 23.36741828918457 8.6694355010986328
 1600 450 0.008100779727101326 1.4226769661090719 1.1467197826751885 1.8824748171010119 1.8046875 2.9124960899353027 1.1435847282409668
 800 450 1.4890999794006348 0.14772994338511969 0.12823330162212054 0.17352827156123019 0.16552734375 0.25987860560417175 0.10636046528816223
 1050 300 0.22936700284481049 0.10378766180210314 0.088390156836273354 0.12515692976796586 0.134765625 0.21749158203601837 0.085058256983757019
 1250 900 0.06270270049571991 2.3057613013378648 1.9384829986817582 2.8358837228446347 2.4453125 4.0633344650268555 1.5012874603271484
 775 475 1.8318799734115601 0.26895106978544631 0.23395742218509138 0.31579391764303733 0.2548828125 0.41540667414665222 0.15973150730133057
 800 525 1.4890999794006348 0.55353341218172258 0.48053055514754323 0.65041491570953802 0.412109375 0.63387191295623779 0.2684062123298645
 1525 1250 0.012337399646639824 42.595786383917186 34.599196051809137 55.716324162099191 38.125 54.385562896728516 27.820323944091797
 1625 1275 0.0070594199933111668 24.31673357929677 19.51226597256791 32.314323777063237 23.953125 39.420589447021484 14.766939163208008
 1650 1000 0.0061607197858393192 4.2742483408805825 3.415688587246331 5.7093135540909232 4.953125 8.0725774765014648 3.1261992454528809
 1500 800 0.014190300367772579 1.5940026824162499 1.298244206883036 2.0622765311555344 1.9140625 3.1195290088653564 1.2128927707672119
 1650 700 0.0061607197858393192 2.2954125125998939 1.8343576384452871 3.0662639028092356 2.8984375 4.7238583564758301 1.8265604972839355
 1450 850 0.018888700753450394 1.7452639345974044 1.4273012246453711 2.2353814555685823 2.0078125 3.240309476852417 1.2627564668655396
 1100 400 0.16349099576473236 0.15746451508533738 0.13389156570911362 0.19133389653904495 0.19189453125 0.30968910455703735 0.12063242495059967
 1500 0 0.014190300367772579 1.8238409338369057 1.4855279885880901 2.3597825087722843 1.8515625 2.4936580657958984 1.417178750038147
 1100 800 0.16349099576473236 2.3813363084090895 2.0284935571037668 2.8925700667232581 2.0234375 3.1284122467041016 1.2783725261688232
 1000 725 0.32538801431655884 1.9327439466702241 1.6562110399006622 2.3219780571228723 1.6796875 2.4362571239471436 1.1453661918640137
 1550 900 0.010702700354158878 2.4260544284629422 1.9647095179227387 3.1708938961464588 2.8359375 4.6219959259033203 1.7899215221405029
 1225 925 0.073225498199462891 5.5904452818929204 4.6992488493681073 6.8688422948973864 4.609375 7.1264986991882324 2.922285795211792
 675 375 4.4313201904296875 0.12060122609984111 0.10594851460706639 0.14008531409608205 0.1201171875 0.19385118782520294 0.075734898447990417
 950 450 0.46635198593139648 0.1304675018291547 0.11233081462790494 0.15587303598593083 0.16162109375 0.26083230972290039 0.10160136222839355
 950 350 0.46635198593139648 0.083496379075901989 0.071704662004720435 0.099984637997282286 0.10400390625 0.16784676909446716 0.065015137195587158
 1225 950 0.073225498199462891 7.2335259434117933 6.0924045784395791 8.9004044740911858 6.28125 9.110468864440918 4.3636455535888672
 1500 700 0.014190300367772579 1.3033606063935952 1.0637571299099049 1.6890401240297852 1.6015625 2.6102182865142822 1.0128533840179443
 1100 250 0.16349099576473236 0.12464587573205078 0.10610833560765327 0.15140216720185157 0.15966796875 0.2551344633102417 0.10117754340171814
 1525 1175 0.012337399646639824 13.397583597665891 10.879018982913411 17.474634060235744 13.0625 21.70573616027832 8.0529422760009766
 1000 450 0.32538801431655884 0.13446323691798731 0.11499450512540016 0.16148284796346307 0.17041015625 0.27773359417915344 0.10691198706626892
 1700 150 0.0047032302245497704 2.0508863043098953 1.6257183955040708 2.7760853655294628 2.2265625 3.1673309803009033 1.5561068058013916
 900 100 0.67747801542282104 0.057598557563500428 0.049484769759049627 0.068206649018420676 0.07275390625 0.11016392707824707 0.047846883535385132
 1325 1000 0.039572801440954208 6.6453366141629742 5.5383296530591206 8.300978769204125 5.984375 9.6578874588012695 3.7770795822143555
 1400 350 0.025297699496150017 0.51734581054275164 0.42857607694455163 0.65442170572526848 0.677734375 1.0937620401382446 0.43116939067840576
 1000 350 0.32538801431655884 0.096574438991289341 0.082541811875283852 0.11579701572968013 0.12255859375 0.19779126346111298 0.076649613678455353
 1550 150 0.010702700354158878 1.1271244099073063 0.91160152000897665 1.4702989928800878 1.37890625 2.0549609661102295 0.92845147848129272
 1050 450 0.22936700284481049 0.1570897179371912 0.13395883334766293 0.18970532285600639 0.1982421875 0.31993326544761658 0.12373045831918716
 650 300 5.6004800796508789 0.049859526089086698 0.043676495646178377 0.057457487318905619 0.059472657740116119 0.094083502888679504 0.03911241888999939
 900 625 0.67747801542282104 1.0015789437618772 0.86581098441084225 1.1926462094055372 0.87109375 1.2981764078140259 0.58050096035003662
 1300 550 0.046052500605583191 0.45151106050593659 0.37817275383686177 0.56246055664525207 0.552734375 0.89203071594238281 0.34692651033401489
 1275 975 0.053690601140260696 7.3932806975372651 6.2003242601794728 9.1395348200256912 5.9765625 9.240290641784668 3.8473846912384033
 1650 200 0.0061607197858393192 1.3133371662811133 1.0490473749357296 1.7566149932182782 1.7265625 2.6694173812866211 1.128854513168335
 1450 950 0.018888700753450394 2.8003806155104938 2.2963081281762756 3.5885193142627974 3.171875 5.1695051193237305 1.9859791994094849
 900 350 0.67747801542282104 0.075309100989179631 0.065138073736061106 0.089497069385270911 0.09716796875 0.15526531636714935 0.060495719313621521
 1500 100 0.014190300367772579 1.0078686345093137 0.82252959370923007 1.3069993057678482 1.05859375 1.5185301303863525 0.7393728494644165
 1700 800 0.0047032302245497704 3.1953291850887298 2.5338877120323828 4.3238356742021598 3.9375 6.4173169136047363 2.4901371002197266
 1650 1150 0.0061607197858393192 8.5685942638587598 6.8468278215395015 11.44308288453492 9.71875 15.839568138122559 6.085118293762207
 1100 100 0.16349099576473236 0.15947241009316676 0.13548711436368135 0.19360898824482736 0.2041015625 0.30254203081130981 0.13315215706825256
 1400 50 0.025297699496150017 1.1457827422639157 0.94737931093540417 1.4489439420493913 1.13671875 1.630598783493042 0.80632340908050537
 1500 900 0.014190300367772579 2.2943307516551932 1.8698359048022959 2.9692416223439424 2.6640625 4.2993988990783691 1.6814415454864502
 1350 300 0.034018699079751968 0.40432001470927825 0.3354752801770492 0.50644308058889376 0.525390625 0.83952504396438599 0.33292669057846069
 1000 200 0.32538801431655884 0.075889279748672087 0.064955449219204736 0.090866953518829799 0.10009765625 0.1579517275094986 0.063333883881568909
 1650 1300 0.0061607197858393192 27.257971257430103 21.730507172728416 36.324152984966439 27.625 45.903995513916016 16.960231781005859
 1500 300 0.014190300367772579 0.81752576933560928 0.66505304497149775 1.0582811725678256 1.03515625 1.6540827751159668 0.66116464138031006
 1150 825 0.11768700182437897 2.1647972030698743 1.8334620745539918 2.6355408461636909 1.9453125 3.2014765739440918 1.2141432762145996
 950 675 0.46635198593139648 1.2483507438158128 1.0730801286776124 1.4918932875110913 1.04296875 1.5626335144042969 0.66615462303161621
 1450 450 0.018888700753450394 0.72582650867595078 0.59678988667379074 0.93078014196606362 0.91796875 1.4961006641387939 0.58169353008270264
 1225 900 0.073225498199462891 3.5741404427542971 3.0048464054393818 4.3892253353657571 3.0546875 4.9785137176513672 1.9279870986938477
 1125 800 0.13900899887084961 1.6439570861506267 1.395022047831143 2.0011951510975217 1.6171875 2.6872532367706299 1.0011060237884521
 1375 1025 0.029291899874806404 5.5613954913261949 4.6106983379864497 7.0039041302720797 5.640625 9.3729314804077148 3.4486598968505859
 1200 900 0.085641801357269287 4.0067737753194494 3.3751716960664808 4.9169134256242604 3.515625 5.5475726127624512 2.2189111709594727
 1450 500 0.018888700753450394 0.76068175276065808 0.6219047414007286 0.97263876776708047 0.97265625 1.5852301120758057 0.61389875411987305
 1225 875 0.073225498199462891 2.1749668185552178 1.8320953358887038 2.6835543157337929 2.2578125 3.7157700061798096 1.3976795673370361
 1500 450 0.014190300367772579 0.9000500996690397 0.73267964602485502 1.1668067160286038 1.13671875 1.8344942331314087 0.71778613328933716
 1450 150 0.018888700753450394 0.71092325119993438 0.5843414251272816 0.91151930423400329 0.91015625 1.3745301961898804 0.60432422161102295
 1100 750 0.16349099576473236 1.0367449414846452 0.8826975339619153 1.2620311103745894 1.10546875 1.7840614318847656 0.68433094024658203
 1700 200 0.0047032302245497704 1.5539992959493731 1.2295164892211665 2.1015250246657375 2.0078125 3.0882480144500732 1.3261592388153076
 950 150 0.46635198593139648 0.061187873559797608 0.052379805849623491 0.073083285932810146 0.08154296875 0.12737272679805756 0.052114039659500122
 1125 850 0.13900899887084961 4.1682067357036692 3.5436977341640912 5.073034161181079 3.375 4.9489884376525879 2.255192756652832
 1400 900 0.025297699496150017 2.0362099607062696 1.6841576890045884 2.5743730194706509 2.359375 3.84529709815979 1.4719092845916748
 1200 400 0.085641801357269287 0.23699615943251315 0.20034405028288976 0.2912576328074129 0.2939453125 0.47438383102416992 0.18626567721366882
 1550 1200 0.010702700354158878 15.55833701976896 12.60170544704239 20.325109635734041 15.8125 26.023246765136719 9.7080059051513672
 1300 650 0.046052500605583191 0.58187312512867306 0.48543589827112787 0.7221678362419045 0.705078125 1.1491326093673706 0.44323974847793579
 1450 1175 0.018888700753450394 26.236918898150183 21.508385924863358 33.606261704406478 22.6875 32.906467437744141 15.859025001525879
 875 550 0.8202589750289917 0.32265896900226382 0.2789311146543435 0.38293765062928753 0.3447265625 0.56183356046676636 0.2151569128036499
 1100 500 0.16349099576473236 0.20858049693187969 0.17697318066974044 0.2528693686590674 0.2587890625 0.42177304625511169 0.16144700348377228
 1500 750 0.014190300367772579 1.4310003633234516 1.1687861580711023 1.855750144762923 1.7265625 2.8139424324035645 1.0858722925186157
 850 200 0.99613702297210693 0.041565950518896166 0.03597397640265472 0.048917515703439857 0.0537109375 0.084112301468849182 0.034087300300598145
 1100 775 0.16349099576473236 1.4511208972539853 1.2335958601102224 1.7613929828910695 1.37109375 2.2346014976501465 0.8627392053604126
 950 300 0.46635198593139648 0.072659369956037306 0.062473444098692377 0.086638781973663329 0.09326171875 0.15051047503948212 0.058536186814308167
 1450 1000 0.018888700753450394 3.7501932736285193 3.0752096539466836 4.8050536648318785 4.265625 6.9520931243896484 2.6815390586853027
 1600 350 0.008100779727101326 1.2851738124357581 1.0324836094176051 1.6971401892069562 1.6640625 2.6590161323547363 1.0664970874786377
 850 350 0.99613702297210693 0.065577024952115356 0.056891920519590002 0.077349209958343532 0.08349609375 0.13242049515247345 0.052363425493240356
 1650 250 0.0061607197858393192 1.5639896357371577 1.2461395448331971 2.0885916412250758 1.8984375 2.9502856731414795 1.2444736957550049
 1075 800 0.19388100504875183 3.0370080106627761 2.5810677972499372 3.6721739310166224 2.6328125 3.8186914920806885 1.818394660949707
 1550 1100 0.010702700354158878 6.8019944813725424 5.5078752040296655 8.8878869661871658 7.84375 12.908764839172363 4.8556060791015625
 750 400 2.2658500671386719 0.10463897014981809 0.091148061554774049 0.12232661934989052 0.11474609375 0.18015183508396149 0.07387164980173111
 1550 1150 0.010702700354158878 9.7660534552339602 7.9061764247628012 12.758156433662391 10.953125 18.20062255859375 6.7525272369384766
 850 300 0.99613702297210693 0.050233315842753277 0.043710052117984212 0.059639701552445169 0.06494140625 0.1042880117893219 0.040431812405586243
 650 250 5.6004800796508789 0.036710087339193107 0.032335841207958918 0.042739835329150551 0.04423828050494194 0.069277949631214142 0.029285179451107979
 1600 500 0.008100779727101326 1.4880522384281882 1.1988469738700676 1.9692177438380896 1.8984375 3.0637943744659424 1.1945619583129883
 1550 1050 0.010702700354158878 4.8091681883076554 3.8940944068000496 6.285237134497752 5.265625 8.623866081237793 3.284989595413208
 1400 250 0.025297699496150017 0.50595933062846787 0.41905951298521177 0.64076000586168913 0.658203125 1.0333815813064575 0.42040091753005981
 675 325 4.4313201904296875 0.059932450048468748 0.052853567248408603 0.069692379506718916 0.068261720240116119 0.10608280450105667 0.044398866593837738
 775 500 1.8318799734115601 0.45029149288370318 0.39213912408385826 0.52830032459023935 0.3701171875 0.5633818507194519 0.24012494087219238
 1700 600 0.0047032302245497704 2.5662416869633606 2.0352871140350839 3.4728774794096173 3.234375 5.2713675498962402 2.0495414733886719
 775 425 1.8318799734115601 0.11746930246807728 0.10248644091466261 0.13803450129488276 0.13427734375 0.21295692026615143 0.08441200852394104
 1650 150 0.0061607197858393192 1.7131665801809213 1.3682918685567169 2.2904306535708754 1.9296875 2.8142464160919189 1.3348457813262939
 1500 200 0.014190300367772579 0.74362656995123944 0.60657750238298891 0.96329454099893741 0.99609375 1.5559303760528564 0.64836680889129639
 1300 0 0.046052500605583191 0.81984406191543235 0.68401484620252062 1.018459136499942 0.97265625 1.3215906620025635 0.72995227575302124
 1600 1150 0.008100779727101326 8.6784769765895025 6.9830078026341385 11.454381843334438 10.15625 16.714536666870117 6.3103079795837402
 1575 1225 0.009308929555118084 17.489326842859317 14.11819538090313 22.979303145628386 17.90625 30.040014266967773 10.947823524475098
 1400 1100 0.025297699496150017 14.484428912196934 12.005613768251655 18.317225540277384 12.28125 18.596263885498047 7.7823162078857422
 700 350 3.5250999927520752 0.068163309546863629 0.059484282590061416 0.079086378257190379 0.08056640625 0.12584730982780457 0.052045583724975586
 1350 100 0.034018699079751968 0.53792893281774212 0.44646712399344202 0.6737743600558771 0.623046875 0.91361540555953979 0.42124778032302856
 1550 300 0.010702700354158878 1.0267693817590016 0.8327794256109502 1.3423198201798077 1.30859375 2.0910103321075439 0.83581197261810303
 1150 750 0.11768700182437897 0.88433622628160236 0.74739740183134562 1.0796622588621745 0.99609375 1.6551921367645264 0.61408507823944092
 1450 350 0.018888700753450394 0.65211364714315101 0.53558099050912245 0.83661115329290414 0.85546875 1.3669589757919312 0.54424262046813965
 1025 675 0.27277800440788269 0.63146007232146184 0.53986430711871092 0.7613203980222929 0.705078125 1.1491326093673706 0.43647259473800659
 1600 1000 0.008100779727101326 4.0353918660894923 3.2474341622520928 5.3281548748876144 4.578125 7.3884096145629883 2.8952784538269043
 1150 850 0.11768700182437897 3.1597364198734104 2.6804531906897662 3.8573609473642314 2.6953125 4.3068571090698242 1.7011651992797852
 1600 100 0.008100779727101326 1.4184140717807616 1.1417632918614771 1.87328185060217 1.40234375 1.9669138193130493 0.99866920709609985
 950 550 0.46635198593139648 0.25805894936457308 0.22216658644050152 0.30842254996453816 0.2880859375 0.46492767333984375 0.17907124757766724
 1700 750 0.0047032302245497704 2.9750059369361335 2.3592685855732962 4.025699007782177 3.765625 6.1371960639953613 2.3694605827331543
 1400 450 0.025297699496150017 0.57006397687102817 0.47098388680574882 0.7195665545372677 0.716796875 1.1682318449020386 0.45331364870071411
 1250 50 0.06270270049571991 0.53202929373842245 0.44630801244452828 0.65630597194200246 0.591796875 0.83948427438735962 0.42203545570373535
 1200 650 0.085641801357269287 0.46820068620500221 0.39583015228292112 0.57487528804897359 0.552734375 0.90084362030029297 0.34677469730377197
 1350 650 0.034018699079751968 0.68647341614490409 0.57139982998313488 0.86284146967016184 0.83984375 1.3553823232650757 0.52713215351104736
 1425 1125 0.021895900368690491 18.286627975361554 15.067485903394584 23.236544481229608 14.6875 22.239805221557617 9.408843994140625
 1100 825 0.16349099576473236 3.5773913365866701 3.0406663082403145 4.3369025776821122 2.9921875 4.3637909889221191 2.0403499603271484
 1600 800 0.008100779727101326 2.1768447629154384 1.7516277287655013 2.8743459299814882 2.6796875 4.3673405647277832 1.6913032531738281
 1050 100 0.22936700284481049 0.12066789752374682 0.10310141914461483 0.14598869153923907 0.15673828125 0.2348339706659317 0.10113991051912308
 600 325 9.2035303115844727 0.12401939819229879 0.10907444170391332 0.14386804966613909 0.10576172173023224 0.17236989736557007 0.066917657852172852
 1700 1250 0.0047032302245497704 15.748488621234985 12.481181786337739 21.259981260343309 17.5625 29.183309555053711 10.871915817260742
 1700 0 0.0047032302245497704 2.4260352930502718 1.9243891096064172 3.2894702546569885 2.390625 3.162484884262085 1.7777938842773438
 1650 650 0.0061607197858393192 2.1298265188385272 1.7020227017758236 2.8451728064173065 2.7109375 4.418271541595459 1.7118335962295532
 1400 1000 0.025297699496150017 3.8795000183799919 3.2083573327115524 4.9054482845797409 4.328125 7.1229639053344727 2.6682596206665039
 1600 1250 0.008100779727101326 23.046222563002573 18.543331420378962 30.416558966438203 21.3125 35.414619445800781 13.08470344543457
 1450 1050 0.018888700753450394 5.230796732357252 4.2891713350881036 6.7007106750967518 6.015625 9.9960622787475586 3.693263053894043
 700 300 3.5250999927520752 0.047089953335531162 0.041283118799142121 0.055014949847644587 0.057714842259883881 0.091302700340747833 0.037399809807538986
 875 575 0.8202589750289917 0.54425825885963919 0.46974394235951811 0.64566451119556711 0.478515625 0.77988225221633911 0.29987907409667969
 1300 250 0.046052500605583191 0.3081246300393039 0.25756439392883823 0.38438137896886704 0.404296875 0.63797086477279663 0.25822848081588745
 1300 750 0.046052500605583191 0.84444197976199065 0.70448921707877321 1.0489009999254097 1.02734375 1.6743594408035278 0.64351636171340942
 1650 600 0.0061607197858393192 2.0397237671474002 1.630239036730055 2.7246420436199661 2.5859375 4.2145476341247559 1.6271605491638184
 825 475 1.2166999578475952 0.16151290084419992 0.1401790337278476 0.19065290859692371 0.18212890625 0.29102495312690735 0.1126994863152504
 1400 800 0.025297699496150017 1.2525302032135832 1.0340629428280708 1.5844410831314415 1.49609375 2.4383258819580078 0.94426989555358887
 1400 1075 0.025297699496150017 10.30032813905585 8.5203494029133786 13.044468486800799 8.59375 14.143069267272949 5.3417863845825195
 1650 1100 0.0061607197858393192 6.3307203456234422 5.0595787729405179 8.4560349216377126 7.09375 11.561356544494629 4.477269172668457
 1350 50 0.034018699079751968 0.89193758510364529 0.74332905004045624 1.1213045212074682 0.91015625 1.2910879850387573 0.65011954307556152
 1650 550 0.0061607197858393192 1.9585458015314239 1.5660093419850367 2.6163451129767989 2.4921875 4.0617542266845703 1.5792360305786133
 1075 775 0.19388100504875183 2.0142137560271234 1.7192574627413464 2.4395595602744438 1.6640625 2.6391170024871826 1.0586638450622559
 1100 600 0.16349099576473236 0.32699444347446477 0.27831823647936621 0.39771658002478238 0.400390625 0.64617067575454712 0.24887867271900177
 950 50 0.46635198593139648 0.10514097980607498 0.090200352360269992 0.12549755825431591 0.12646484375 0.18443568050861359 0.087743476033210754
 750 475 2.2658500671386719 0.35317689958323661 0.30822617073266911 0.41330450007252939 0.2822265625 0.44309687614440918 0.18046334385871887
 625 275 7.151939868927002 0.042329759322861385 0.036999366070619197 0.04897273573455193 0.04833984375 0.075701072812080383 0.031162440776824951
 800 300 1.4890999794006348 0.050011425973017581 0.043667616896942388 0.059093576813734394 0.062499999999999993 0.098872639238834381 0.039325714111328125
 900 400 0.67747801542282104 0.091703331312624953 0.079307867857165176 0.10923644749532882 0.11669921875 0.1883351057767868 0.072920985519886017
 1400 400 0.025297699496150017 0.54507317340401074 0.45017874937072017 0.6879675616938381 0.689453125 1.112674355506897 0.4368889331817627
 600 100 9.2035303115844727 0.018551898610068156 0.016475905270701793 0.021544995637015951 0.02314453199505806 0.035322204232215881 0.015312910079956055
 1150 350 0.11768700182437897 0.17344286604957432 0.14718033749163781 0.21205511480335856 0.2197265625 0.35460585355758667 0.13895854353904724
 1500 500 0.014190300367772579 0.95095064362868165 0.77628788921950576 1.2301362560713271 1.20703125 1.9672132730484009 0.7595055103302002
 1175 850 0.10035999864339828 2.3317776955730891 1.9716476040674789 2.8528969089137997 2.2578125 3.7157700061798096 1.3976795673370361
 900 300 0.67747801542282104 0.05876849620600693 0.050499636821370437 0.069596561042536448 0.07666015625 0.12249575555324554 0.047727778553962708
 1400 550 0.025297699496150017 0.67203238496019968 0.55660891543158764 0.85107602361249157 0.84765625 1.3815057277679443 0.53713822364807129
 1250 500 0.06270270049571991 0.33216089855560904 0.27966417095438306 0.41037620944847003 0.412109375 0.66508293151855469 0.2582632303237915
 1350 500 0.034018699079751968 0.49918365433138423 0.41552608500227173 0.62787319343336079 0.62109375 1.0023524761199951 0.39357134699821472
 1400 300 0.025297699496150017 0.49951539839101555 0.413729870999894 0.63256090709841184 0.646484375 1.0433292388916016 0.41128838062286377
 675 350 4.4313201904296875 0.081587579510147237 0.071880919650199326 0.094945607940431151 0.08349609375 0.1360815018415451 0.051983758807182312
 1050 700 0.22936700284481049 0.72058365456861118 0.615042451842291 0.87193932441165478 0.78515625 1.2921621799468994 0.48204275965690613
 1200 875 0.085641801357269287 2.8799654023961949 2.4305259124305123 3.5292711821211586 2.7109375 4.4614953994750977 1.6781826019287109
 1150 450 0.11768700182437897 0.21586675315173692 0.18246179602625001 0.26359221559802093 0.2626953125 0.42395099997520447 0.16580197215080261
 1550 350 0.010702700354158878 1.018328004838801 0.82594507307711573 1.3312663167414458 1.32421875 2.1370911598205566 0.84579181671142578
 1700 900 0.0047032302245497704 3.8045388426272098 3.0170998064945702 5.1481939134951666 4.609375 7.5123353004455566 2.9208440780639648
 1050 550 0.22936700284481049 0.23328362418293563 0.19937008470116138 0.28203643487139829 0.2900390625 0.47270414233207703 0.1805751621723175
 975 650 0.38926601409912109 0.67088489853567113 0.57715732191024827 0.80519986603859273 0.642578125 1.0472704172134399 0.40250357985496521
 1625 1300 0.0070594199933111668 38.992753532009978 31.290707001446027 51.730168409171682 33.125 52.930648803710938 20.990470886230469
 1550 1225 0.010702700354158878 22.272405559516702 18.029088342665553 29.068120583744552 20.5625 33.512653350830078 12.676641464233398
 1050 50 0.22936700284481049 0.18100704042695481 0.15448004520771808 0.21915558866171866 0.2158203125 0.31475123763084412 0.15124973654747009
 1700 1200 0.0047032302245497704 10.80563713318546 8.5679565616741584 14.619069780394605 12.28125 20.01591682434082 7.7050151824951172
 1500 400 0.014190300367772579 0.87016643250187986 0.70770691483241921 1.1260383352572383 1.12109375 1.8092777729034424 0.71323120594024658
 1050 650 0.22936700284481049 0.45029239632993678 0.384947808004453 0.54455332732932038 0.505859375 0.84057796001434326 0.3125033974647522
 1150 200 0.11768700182437897 0.15270872104051172 0.12930310208414592 0.18622491056694046 0.2041015625 0.32206740975379944 0.12984785437583923
 1100 150 0.16349099576473236 0.12591586522472742 0.10719499399961006 0.15289524988468411 0.16943359375 0.26330995559692383 0.10779234766960144
 1475 1125 0.016355600208044052 9.7943167244596196 7.9887499140665703 12.589451007460298 9.9375 16.354530334472656 6.1010785102844238
 1600 400 0.008100779727101326 1.3869865785521356 1.1180003905060518 1.8347354543878245 1.7578125 2.8368468284606934 1.1205196380615234
 675 400 4.4313201904296875 0.21632591707471982 0.18975425577937796 0.25134140449469911 0.18310546875 0.28747633099555969 0.11833430826663971
 1450 700 0.018888700753450394 1.0697764107295309 0.87685891850877229 1.3680136548088506 1.29296875 2.1072738170623779 0.81028556823730469
 750 425 2.2658500671386719 0.13943287201205695 0.12155586823333081 0.16299987310806077 0.15576171875 0.2488926500082016 0.096819877624511719
 1025 700 0.27277800440788269 0.92781742703896719 0.79437717358828064 1.1190664830295052 0.890625 1.4799364805221558 0.55133378505706787
 1600 1275 0.008100779727101326 32.304665517373678 25.974604243980821 42.636077358735385 28.625 46.19647216796875 18.066867828369141
 850 525 0.99613702297210693 0.32842314750068186 0.28484881987921173 0.38907527741423326 0.3076171875 0.50625759363174438 0.19121167063713074
 1525 1225 0.012337399646639824 30.291114021057801 24.546188110878031 39.419976310155803 25.953125 39.298210144042969 16.445837020874023
 1450 0 0.018888700753450394 1.564205685119932 1.2830969060173354 2.0017777134600849 1.6640625 2.2411355972290039 1.2671667337417603
 1650 350 0.0061607197858393192 1.5906521240744342 1.2716035419422305 2.1241742233508414 2.0546875 3.283198356628418 1.3175225257873535
 1600 1300 0.008100779727101326 49.733818023283142 40.062870645702716 65.586670461895068 41.8125 62.645801544189453 26.889171600341797
 1700 1000 0.0047032302245497704 4.7657559046250757 3.7793627958516698 6.448845164019307 5.640625 9.1930608749389648 3.5617978572845459
 1450 50 0.018888700753450394 1.4458722395066101 1.1884045188514225 1.8533151915020376 1.35546875 1.9065703153610229 0.9630744457244873
 900 575 0.67747801542282104 0.40382111944081506 0.34778700954154829 0.47930616439255486 0.390625 0.6366385817527771 0.24479925632476807
 900 200 0.67747801542282104 0.050199252718871233 0.043511471780104415 0.059915528822637558 0.06494140625 0.10195827484130859 0.041343465447425842
 1050 150 0.22936700284481049 0.10277051856815325 0.08752160735376191 0.12392834529610637 0.13623046875 0.21062427759170532 0.087269529700279236
 1400 1125 0.025297699496150017 20.573324913938915 17.015353523049797 26.010896324072636 18.1875 26.234573364257812 12.945301055908203
 975 625 0.38926601409912109 0.44804658779839351 0.38480591220032023 0.53699683150626876 0.490234375 0.7989814281463623 0.29972773790359497
 950 250 0.46635198593139648 0.063440809473234036 0.054315724120765428 0.075574119898906597 0.08251953125 0.13185848295688629 0.051793798804283142
 1450 1150 0.018888700753450394 21.017779312084983 17.186343077581466 26.915393539435122 17.3125 26.766645431518555 10.970491409301758
 700 425 3.5250999927520752 0.26587321676113551 0.23274218641858554 0.309789957082302 0.2177734375 0.33843296766281128 0.13964235782623291
 1250 150 0.06270270049571991 0.26595973796649341 0.22351159844744631 0.32751095065798469 0.3564453125 0.55109578371047974 0.2301127016544342
 1300 850 0.046052500605583191 1.4872600494899155 1.2432338828295346 1.8562226838859555 1.7578125 2.9209272861480713 1.0836794376373291
 1050 725 0.22936700284481049 1.0336659252135232 0.88341264658014218 1.2501197153482537 1.01953125 1.6778823137283325 0.63243108987808228
 1300 700 0.046052500605583191 0.69863266651520117 0.585221813568366 0.87090433041646809 0.82421875 1.3433073759078979 0.52021133899688721
 850 450 0.99613702297210693 0.12411410543778371 0.10766056675784984 0.14697148301822119 0.14990234375 0.23952992260456085 0.092947870492935181
 1275 1000 0.053690601140260696 10.053424484778517 8.4489621609467136 12.447417120555221 9.09375 12.899798393249512 6.6930699348449707
 1425 1150 0.021895900368690491 24.096613271953704 19.845042846177133 30.661244998752885 20.6875 30.005622863769531 14.419473648071289
 1200 450 0.085641801357269287 0.25352924916411601 0.21431559090518679 0.31083567772065318 0.3193359375 0.51536047458648682 0.20074710249900818
 1325 1025 0.039572801440954208 8.6077839343849494 7.1692881000702133 10.76080864779828 7.34375 11.734624862670898 4.5835123062133789
 1350 1025 0.034018699079751968 7.2230495753751587 6.0029538275326404 9.0855851966443808 6.78125 11.052045822143555 4.2714962959289551
 1600 700 0.008100779727101326 1.8443482267153923 1.4809488576977454 2.4355091305527261 2.3046875 3.7561676502227783 1.4604220390319824
 1200 350 0.085641801357269287 0.2132952456453597 0.17966831606075928 0.2611916494343558 0.2724609375 0.43971124291419983 0.17230859398841858
 800 100 1.4890999794006348 0.036292775860651223 0.031471171754914692 0.042886684695692491 0.04541015625 0.068941041827201843 0.030060946941375732
 1450 750 0.018888700753450394 1.2702008588480864 1.0397171509840251 1.6286441180085311 1.47265625 2.4001274108886719 0.92947721481323242
 925 575 0.56188899278640747 0.31993643285714474 0.27568408553092405 0.38146454471403407 0.3544921875 0.56220626831054688 0.22106269001960754
 725 400 2.8195700645446777 0.11721657720906757 0.10266077805806245 0.13701395989783827 0.12841796875 0.20519989728927612 0.080764822661876678
 1150 700 0.11768700182437897 0.59388605336717881 0.50237721322146278 0.72352143445110806 0.705078125 1.1603745222091675 0.44146460294723511
 1150 800 0.11768700182437897 1.3896352450695353 1.179172775419675 1.6960690750030498 1.46484375 2.3640389442443848 0.90306627750396729
 1000 400 0.32538801431655884 0.11125507612418742 0.095371735970305765 0.13370855008004873 0.13916015625 0.224583700299263 0.087481528520584106
 1700 500 0.0047032302245497704 2.3951934318989436 1.8996260776495975 3.2409589274319992 3.0234375 4.8793764114379883 1.9158756732940674
 1550 1000 0.010702700354158878 3.577102673836948 2.8965983277715219 4.6756928557517021 4.203125 6.8502311706542969 2.6528315544128418
 1350 850 0.034018699079751968 1.4586866848228712 1.2136025245821622 1.8347309261819356 1.7578125 2.8929004669189453 1.1006042957305908
 1600 750 0.008100779727101326 2.0221483246488927 1.6272792737961916 2.6698277458353541 2.4453125 3.9853575229644775 1.5464541912078857
 1250 550 0.06270270049571991 0.38763284241484919 0.32529756520729458 0.47725987815965798 0.466796875 0.76078307628631592 0.29462206363677979
 1150 550 0.11768700182437897 0.29257638605090136 0.24736745913579894 0.35625539579368476 0.3505859375 0.56579333543777466 0.221274733543396
 1375 1100 0.029291899874806404 18.166660587968654 15.094555643641879 22.888987258130051 15.5625 22.448139190673828 10.838966369628906
 1300 50 0.046052500605583191 0.68558816810643675 0.57348507010956129 0.85364891968740453 0.740234375 1.0559492111206055 0.52533417940139771
 1500 550 0.014190300367772579 1.0258327694497134 0.83718119092361132 1.3278661836187606 1.27734375 2.0818080902099609 0.80620431900024414
 1700 1150 0.0047032302245497704 8.5864321716700616 6.8089640197371386 11.618002410150501 9.65625 15.583745002746582 6.094609260559082
 1500 1000 0.014190300367772579 3.8402954602854327 3.1287373954342943 4.9699397018907829 4.265625 6.9520931243896484 2.6761693954467773
 1200 800 0.085641801357269287 1.2633592735338428 1.0657735691770021 1.545564379716575 1.37890625 2.2473342418670654 0.85008633136749268
 800 475 1.4890999794006348 0.18442935494896887 0.16069426511173046 0.21747936616862829 0.2021484375 0.33590665459632874 0.12616848945617676
 1350 150 0.034018699079751968 0.42873428081099441 0.35569466560125496 0.53816168275891996 0.572265625 0.8756486177444458 0.37544453144073486
 1550 600 0.010702700354158878 1.3273690000926812 1.0766447886907939 1.7377530036780897 1.6640625 2.7120802402496338 1.0428447723388672
 1300 150 0.046052500605583191 0.32685262949326754 0.27359108020641415 0.40734925466914496 0.439453125 0.67592978477478027 0.28479361534118652
 1700 850 0.0047032302245497704 3.4337630303645281 2.7230731758870785 4.6464747198539467 4.234375 6.9011621475219727 2.6832160949707031
 1350 0 0.034018699079751968 1.0255811388462004 0.85255258304997561 1.2890490689947778 1.18359375 1.6129186153411865 0.89573210477828979
 1250 800 0.06270270049571991 1.1573804629386077 0.97105562183102601 1.4236867397879567 1.33203125 2.1921756267547607 0.82118821144104004
 1400 1050 0.025297699496150017 6.1258027288168524 5.0676744848603832 7.7465041414543778 6.25 10.485170364379883 3.8371562957763672
 625 325 7.151939868927002 0.071553391351460494 0.062665510216179457 0.082605140340197294 0.08349609375 0.1360815018415451 0.052406743168830872
 1125 775 0.13900899887084961 1.0916551972366488 0.92499892858621902 1.3268823805946968 1.16015625 1.9093142747879028 0.71227216720581055
 1200 300 0.085641801357269287 0.20791393949637055 0.17516306960223718 0.25464258703373155 0.2626953125 0.41976252198219299 0.16679404675960541
 1200 250 0.085641801357269287 0.19313380654964091 0.16268845022198636 0.23646452240990798 0.2509765625 0.4010370671749115 0.15966936945915222
 1500 600 0.014190300367772579 1.0854474884035668 0.88418805134045786 1.4019190218771704 1.35546875 2.2091357707977295 0.85551345348358154
 1350 1050 0.034018699079751968 11.112076744343033 9.2576132404355498 13.940643560218689 10.21875 15.473226547241211 6.4496345520019531
 800 500 1.4890999794006348 0.36239224950452453 0.31507946433457801 0.42604870035725045 0.2939453125 0.47907054424285889 0.18570950627326965
 900 50 0.67747801542282104 0.080347645160570455 0.069139615988360714 0.095520489370657602 0.09619140625 0.14181874692440033 0.066739246249198914
 1550 750 0.010702700354158878 1.6828742636154814 1.3602515175947223 2.19966264424498 2.0546875 3.3487188816070557 1.2968301773071289
 1350 600 0.034018699079751968 0.59486676614642664 0.49434086704577423 0.74559101799506866 0.736328125 1.2000637054443359 0.46473860740661621
 1150 0 0.11768700182437897 0.4027454342727762 0.34046022635738177 0.49076166575145219 0.482421875 0.67279434204101562 0.35855540633201599
 775 450 1.8318799734115601 0.16994483675608615 0.14826967223969537 0.19981740894421796 0.181640625 0.29603692889213562 0.1136002242565155
 1375 1050 0.029291899874806404 8.7931454118058632 7.2896719052396071 11.078712356859086 7.4765625 12.066055297851562 4.7188839912414551
 1650 1050 0.0061607197858393192 5.1106800803458796 4.0841129513682448 6.8266041490352549 5.859375 9.5495786666870117 3.7055611610412598
 1450 1100 0.018888700753450394 7.5780843204443258 6.2138412707127761 9.7092753131035519 8.03125 13.473443984985352 4.8936138153076172
 900 250 0.67747801542282104 0.052814705886170946 0.045770078911357391 0.063025661236707289 0.06884765625 0.10918882489204407 0.042863801121711731
 1550 850 0.010702700354158878 2.0816402027506933 1.6857654823171597 2.7210390755134046 2.5078125 4.0872197151184082 1.5828232765197754
 725 450 2.8195700645446777 0.29589849076408226 0.25902095642380052 0.34489379549982691 0.2412109375 0.37485626339912415 0.1558857262134552
 1250 650 0.06270270049571991 0.51486358577508495 0.4336146708841247 0.63617323861802089 0.626953125 1.0218049287796021 0.39412730932235718
 1700 350 0.0047032302245497704 1.9982740845102414 1.5852853998267191 2.7041232841309064 2.5703125 4.107119083404541 1.6593332290649414
 1150 50 0.11768700182437897 0.31270783413362246 0.26474316257454911 0.38161397967742194 0.3583984375 0.51411491632461548 0.25311177968978882
 1700 700 0.0047032302245497704 2.8196093004715705 2.2359248858452121 3.8154214838070732 3.546875 5.7806782722473145 2.2396900653839111
 950 200 0.46635198593139648 0.060616734990543007 0.051889010301007926 0.072423397014575897 0.0791015625 0.12639689445495605 0.049648493528366089
 1500 250 0.014190300367772579 0.81215202454305468 0.66067161245079165 1.051323671620668 1.02734375 1.612933874130249 0.66578412055969238
 1450 400 0.018888700753450394 0.69905697271253209 0.57407157227379357 0.89721628609389936 0.88671875 1.4310315847396851 0.55992251634597778
 1550 550 0.010702700354158878 1.2449114019432188 1.0086947471677525 1.6310904962539474 1.5703125 2.5592870712280273 0.99506717920303345
 1150 500 0.11768700182437897 0.2400309692968795 0.20359562207234733 0.29339946710026416 0.2998046875 0.48383998870849609 0.18922379612922668
 1600 0 0.008100779727101326 2.2718467435404581 1.832703587216036 3.002066558521296 2.2421875 2.9303715229034424 1.6757901906967163
 1500 1175 0.014190300367772579 18.411110165848037 15.004021536145691 23.877922697219944 15.4375 24.913818359375 9.7046184539794922
 900 550 0.67747801542282104 0.25305596189782159 0.21870839975936907 0.30086332395315901 0.30078125 0.4854159951210022 0.18466314673423767
 1250 750 0.06270270049571991 0.80021349704556333 0.67157438615775478 0.98548758545767479 0.93359375 1.5364515781402588 0.57793319225311279
 1300 300 0.046052500605583191 0.31996571374751986 0.26752774659343764 0.39832286038069753 0.408203125 0.65227037668228149 0.25866794586181641
 1500 1100 0.014190300367772579 7.3310596367780256 5.9733582314468059 9.4868032343513899 7.84375 13.158888816833496 4.8156309127807617
 1000 100 0.32538801431655884 0.093610263868838667 0.080161198631439182 0.11222724109092157 0.11962890625 0.18066518008708954 0.077602900564670563
 1350 450 0.034018699079751968 0.46404627345598598 0.38644313099884542 0.58332199061490964 0.587890625 0.95814108848571777 0.37253135442733765
 1175 875 0.10035999864339828 3.6699436652963366 3.103015603894177 4.4914426115324773 3.171875 4.9039974212646484 2.0028946399688721
 950 625 0.46635198593139648 0.54612892626619969 0.46879875343337013 0.65184222826932847 0.560546875 0.92251384258270264 0.34843015670776367
 1100 50 0.16349099576473236 0.23821908254278129 0.20276117440759017 0.28979948152533985 0.2763671875 0.39864605665206909 0.19539391994476318
 1375 1075 0.029291899874806404 12.879855704521731 10.65811093207088 16.230925305655919 10.34375 15.909885406494141 6.6066570281982422
 1700 1300 0.0047032302245497704 23.202118960324942 18.44441318589957 31.430074502675328 25.125 41.749786376953125 15.489392280578613
 825 550 1.2166999578475952 0.57263058391686261 0.49793599775927688 0.6752986340023972 0.466796875 0.71426630020141602 0.29949048161506653
 1150 400 0.11768700182437897 0.18864421815159757 0.15963420486534599 0.2297526560042662 0.2373046875 0.3829742968082428 0.14977648854255676
 750 350 2.2658500671386719 0.065765762117615437 0.057611907046099677 0.076994087672626263 0.07958984375 0.12495638430118561 0.05027557909488678
 950 0 0.46635198593139648 0.12946069413680553 0.11125738333522422 0.15471208134502598 0.15966796875 0.22904029488563538 0.11597708612680435
 1250 350 0.06270270049571991 0.2662117797367069 0.22372536847242114 0.32782510198015091 0.3388671875 0.54688102006912231 0.21473154425621033
 1250 0 0.06270270049571991 0.65466715025644762 0.55024309978818398 0.80738967181864463 0.78515625 1.0824745893478394 0.58545273542404175
 1325 975 0.039572801440954208 3.6757634410136255 3.0644348257926346 4.5918470765461263 3.890625 6.5270185470581055 2.3886299133300781
 975 700 0.38926601409912109 1.6257260588463511 1.3984797899807422 1.9523152637423151 1.33984375 1.975383996963501 0.88962757587432861
 850 500 0.99613702297210693 0.19273109029010035 0.16661929319793223 0.22744663140337582 0.2216796875 0.35775789618492126 0.13722890615463257
 1150 650 0.11768700182437897 0.44321559673829863 0.37578338526838756 0.54110638793076493 0.525390625 0.86465579271316528 0.32895839214324951
 950 400 0.46635198593139648 0.097562191306384063 0.083687175623636978 0.11640539356482921 0.12255859375 0.19974535703659058 0.076025001704692841
 1450 800 0.018888700753450394 1.4402088676501312 1.1832176412080839 1.8501846667309008 1.6640625 2.7120802402496338 1.0502846240997314
 1550 700 0.010702700354158878 1.5505817189608739 1.2548000818555185 2.0256290273110173 1.9296875 3.1449944972991943 1.2227940559387207
 1100 550 0.16349099576473236 0.25709888612096987 0.2188968674277641 0.31197989087984124 0.3076171875 0.50625759363174438 0.19260573387145996
 700 0 3.5250999927520752 0.034539046772627306 0.030132656424050122 0.040060057664442608 0.04130859300494194 0.061396848410367966 0.029524147510528564
 1600 1100 0.008100779727101326 6.6646973489106687 5.3642016825252554 8.798712706976545 7.59375 12.25517749786377 4.7832884788513184
 1425 1075 0.021895900368690491 7.2466753289723345 5.9698654839119181 9.2221123073742799 7.34375 12.320075035095215 4.5180153846740723
 1150 150 0.11768700182437897 0.16634809569212389 0.14107879889052852 0.20336137363623077 0.2216796875 0.34450352191925049 0.14158904552459717
 1550 650 0.010702700354158878 1.4415753603471371 1.1701061972833284 1.8882569082409966 1.8046875 2.9268832206726074 1.1390409469604492
 1650 450 0.0061607197858393192 1.7927131951106898 1.4296680182677308 2.3943468391685094 2.2890625 3.6942048072814941 1.4562840461730957
 1500 650 0.014190300367772579 1.1309343623724317 0.92053504660022401 1.4607968681248871 1.421875 2.3173644542694092 0.89742624759674072
 1600 250 0.008100779727101326 1.2562551866676532 1.0084801316453786 1.658260575449352 1.5625 2.4282186031341553 1.0184288024902344
 1350 200 0.034018699079751968 0.38399145810627894 0.31893748909828934 0.48089408638775216 0.509765625 0.80033415555953979 0.32909268140792847
 1325 1050 0.039572801440954208 12.413802421819227 10.348596425054293 15.502304529525246 10.65625 15.710926055908203 7.0238142013549805
 1700 400 0.0047032302245497704 2.2246291024182221 1.7642321226304429 3.0100255366083091 2.7421875 4.425480842590332 1.744558572769165
 1700 650 0.0047032302245497704 2.624840784721751 2.0813561589891729 3.5518597646252847 3.359375 5.4215292930603027 2.1095538139343262
 1600 850 0.008100779727101326 2.3725255663318081 1.9092068756857814 3.1326893356020795 2.9140625 4.749323844909668 1.8392307758331299
 850 550 0.99613702297210693 0.41187734436989476 0.35611577705817843 0.48633719695966016 0.392578125 0.63982176780700684 0.24702362716197968
 1500 950 0.014190300367772579 2.7133579574209201 2.2107995931014228 3.5116369345973317 3.21875 5.2459020614624023 2.0234324932098389
 1000 150 0.32538801431655884 0.077706943769082937 0.066567284814342792 0.093338296513313102 0.10498046875 0.16314594447612762 0.066423341631889343
 1250 850 0.06270270049571991 1.6011781937030893 1.343777913166923 1.9758254759067539 1.8515625 3.0767102241516113 1.1414756774902344
 1000 50 0.32538801431655884 0.13231564120810888 0.11313961888113554 0.15900787770848088 0.16259765625 0.23842783272266388 0.11324970424175262
 1450 100 0.018888700753450394 0.80382140896712206 0.65917755109186393 1.0279411779973679 0.89453125 1.3045798540115356 0.61843669414520264
 1450 300 0.018888700753450394 0.63900068718014547 0.52303809583285343 0.81887928644832508 0.82421875 1.3170244693756104 0.52436161041259766
 1300 350 0.046052500605583191 0.32932272285933545 0.27565433451295646 0.41042185827472732 0.431640625 0.68972134590148926 0.27351969480514526
 1400 0 0.025297699496150017 1.3083753364376416 1.0814497293359386 1.6516406353599855 1.41796875 1.9323084354400635 1.0797688961029053
 600 300 9.2035303115844727 0.067196504427670764 0.05900676022798166 0.078017441841555957 0.06884765625 0.11220754683017731 0.043212577700614929
 1000 300 0.32538801431655884 0.087458113625738521 0.074841890412201573 0.10525682362682114 0.11083984375 0.17887894809246063 0.069569185376167297
 600 0 9.2035303115844727 0.021238231362958191 0.018559463850145435 0.024472092474492325 0.02548828162252903 0.038086358457803726 0.017909001559019089
 900 150 0.67747801542282104 0.049159776663323752 0.042612162279419066 0.058678983397287901 0.06396484375 0.097875401377677917 0.040879875421524048
 1000 550 0.32538801431655884 0.23350709255418614 0.20030620772754271 0.28082878729136374 0.2802734375 0.45678818225860596 0.17350086569786072
 1550 800 0.010702700354158878 1.8813147009186437 1.5242600429903987 2.4590233865031053 2.2578125 3.6797709465026855 1.4250340461730957
 1475 1200 0.016355600208044052 31.435421258052692 25.716512319577287 40.484298009712411 27.8125 39.896438598632812 19.858463287353516
 1175 900 0.10035999864339828 5.6749730895123562 4.8061288556036947 6.942891366564429 4.828125 7.0413131713867188 3.2694234848022461
 1300 800 0.046052500605583191 1.111502976880606 0.92793176435113245 1.3808195836909118 1.31640625 2.1664609909057617 0.8179129958152771
 625 350 7.151939868927002 0.16023840647847898 0.14068152173363838 0.18527491820176262 0.12832030653953552 0.20504383742809296 0.082491062581539154
 1275 925 0.053690601140260696 3.0180499641515914 2.53752481936215 3.7373570262289957 3.203125 5.2204365730285645 1.9665426015853882
 600 275 9.2035303115844727 0.052269545815865986 0.045945043009489692 0.060318505081106491 0.056542970240116119 0.090350374579429626 0.035632699728012085
 1200 50 0.085641801357269287 0.40032384532336407 0.33725062721679583 0.49028365760144016 0.462890625 0.66031652688980103 0.32850712537765503
 1050 600 0.22936700284481049 0.31938691987036305 0.27256147946446163 0.38598555727258549 0.3759765625 0.61875927448272705 0.23274508118629456
 1400 850 0.025297699496150017 1.5297554232706467 1.2641902505118725 1.9335568818672819 1.7890625 2.9158046245574951 1.1201705932617188
 1600 50 0.008100779727101326 2.6506596784693568 2.1328335090949766 3.5003500795195195 2.1796875 2.8834421634674072 1.5512347221374512
 1250 700 0.06270270049571991 0.65121271964274896 0.5483040215083651 0.8045792109758465 0.771484375 1.2573611736297607 0.4849853515625
 1250 975 0.06270270049571991 8.3766916855524798 7.0440875675582912 10.333714750196689 6.84375 10.035449028015137 4.5607070922851562
 1650 1250 0.0061607197858393192 17.718777467854579 14.197533458454572 23.669945738990112 19.6875 32.400485992431641 12.1873779296875
 1500 1225 0.014190300367772579 36.794738104521876 29.971288569316258 48.987714586978285 32.8125 46.807247161865234 23.810291290283203
 1200 750 0.085641801357269287 0.8218156128234867 0.69234940459820682 1.0065006695953871 1.00390625 1.6521675586700439 0.62603974342346191
 600 200 9.2035303115844727 0.027815650160725409 0.024417671155776741 0.032207077564086188 0.03251953050494194 0.050407674163579941 0.022146783769130707
 1500 1050 0.014190300367772579 4.8124407915103822 3.9209070039185061 6.2266999382739696 5.484375 9.1132936477661133 3.3950552940368652
 1400 700 0.025297699496150017 0.92782296276852172 0.76881218104492677 1.1749097325933309 1.11328125 1.8144199848175049 0.70265519618988037
 1300 200 0.046052500605583191 0.30065552266700041 0.25122716395540351 0.37374484700210658 0.404296875 0.63474774360656738 0.25873741507530212
 725 375 2.8195700645446777 0.090508155485292896 0.079172427828688385 0.10566973058374815 0.10107421875 0.15868693590164185 0.064596444368362427
 1700 450 0.0047032302245497704 2.2588513111435042 1.7914349462494468 3.0564312630988191 2.8515625 4.6019959449768066 1.8141422271728516
 1150 250 0.11768700182437897 0.15245475292595798 0.12908132112523774 0.18590571728455366 0.2021484375 0.32301428914070129 0.12949672341346741
 875 525 0.8202589750289917 0.24058092076697007 0.20824645231495076 0.28559148025971898 0.2607421875 0.42079892754554749 0.16074579954147339
 650 325 5.6004800796508789 0.0660526456810928 0.057873137627686713 0.076383825002605987 0.074121095240116119 0.11843857169151306 0.046710222959518433
 1700 50 0.0047032302245497704 3.0445321387978597 2.4148013790046634 4.1154603647823871 2.5703125 3.2567527294158936 1.8448431491851807
 975 675 0.38926601409912109 1.0438771798220279 0.89580905478212536 1.2495799329172275 0.91796875 1.4668281078338623 0.58284908533096313
 950 500 0.46635198593139648 0.16524193451513702 0.1422037685951508 0.1978764278455083 0.2021484375 0.32946047186851501 0.12513825297355652
 1450 250 0.018888700753450394 0.6221586843215845 0.51042483122322602 0.79917045010698673 0.80078125 1.2636138200759888 0.51348316669464111
 1700 550 0.0047032302245497704 2.3819015715905509 1.8887965789130658 3.2231295608269401 3.0390625 4.9530482292175293 1.9257767200469971
 700 250 3.5250999927520752 0.035701486721894882 0.031490626713854594 0.041839854378710239 0.043066404759883881 0.067442767322063446 0.028099358081817627
 650 375 5.6004800796508789 0.18246628280386323 0.16076854069416996 0.21108596942816338 0.15996094048023224 0.25241455435752869 0.10377959161996841
 900 0 0.67747801542282104 0.10104059524382791 0.087020088734666851 0.11994135336967848 0.12060546875 0.17396745085716248 0.086917057633399963
 1000 675 0.32538801431655884 0.74582050636309738 0.6401831249893275 0.89785263250481773 0.755859375 1.2439471483230591 0.47516286373138428
 1350 1000 0.034018699079751968 4.5763734924779724 3.8159037858981177 5.7607472920815121 4.796875 7.8944039344787598 2.9511291980743408
 850 400 0.99613702297210693 0.085585504029928705 0.074078670293593316 0.1013854924666269 0.10595703125 0.1680423766374588 0.06596769392490387
 1600 950 0.008100779727101326 3.1350927555269941 2.5229237802579574 4.1395993977395094 3.734375 6.0564942359924316 2.3569765090942383
 1450 900 0.018888700753450394 2.0498916718256059 1.6811408958660354 2.6264510868007012 2.4140625 3.9344265460968018 1.5067079067230225
 1500 1150 0.014190300367772579 12.078913464059434 9.8423564850643892 15.630860181409224 11.46875 18.691709518432617 7.1519565582275391
 1350 1075 0.034018699079751968 14.121761043984908 11.736939150740366 17.717196707533368 11.96875 17.359748840332031 8.2872304916381836
 1350 700 0.034018699079751968 0.76207030894412364 0.63293135962926794 0.9543234386166527 0.93359375 1.5215661525726318 0.58924412727355957
 1050 400 0.22936700284481049 0.13328968431972282 0.11355489331528436 0.16091241849245777 0.16748046875 0.27295878529548645 0.10528479516506195
 1700 1100 0.0047032302245497704 6.9027357163705751 5.4740132616259176 9.3402931436503369 7.78125 12.557774543762207 4.9111900329589844
 1500 50 0.014190300367772579 1.8647998096749512 1.5191949010271593 2.4119582386036176 1.6484375 2.3252239227294922 1.1591455936431885
 1200 925 0.085641801357269287 6.2346025977161066 5.2613405648875231 7.648786584085852 5.328125 7.7705106735229492 3.6769475936889648
 1025 725 0.27277800440788269 1.459407034706516 1.2472402883932419 1.7538453599464825 1.28515625 2.0535595417022705 0.81760656833648682
 1250 250 0.06270270049571991 0.25113925832230011 0.21144596843195085 0.30964780189086222 0.3251953125 0.5157429575920105 0.20770549774169922
 850 250 0.99613702297210693 0.045334342934000724 0.039131454173351343 0.053370753373484403 0.05810546875 0.091920658946037292 0.036028653383255005
 1700 1050 0.0047032302245497704 5.5066755222659483 4.3669112775205763 7.4514014645904147 6.34375 10.339010238647461 4.0198736190795898
 1450 1125 0.018888700753450394 13.694284939988849 11.228406132462581 17.54975532283455 12.21875 19.914054870605469 7.5950489044189453
 1050 250 0.22936700284481049 0.097033393495214809 0.0826269610903963 0.11696799528556691 0.12744140625 0.2036394476890564 0.0805959552526474
 1350 750 0.034018699079751968 0.92963254203619705 0.77414677416137989 1.1684935664233524 1.10546875 1.7840614318847656 0.69525307416915894
 1600 150 0.008100779727101326 1.3786735624144242 1.1113363122019406 1.8214328114947154 1.6484375 2.4303557872772217 1.1158947944641113
 1250 200 0.06270270049571991 0.23669181011904969 0.1993365020483206 0.29245244685069699 0.3193359375 0.50390452146530151 0.20476704835891724
 1050 500 0.22936700284481049 0.19487761423531014 0.16594567350811079 0.23492354428246159 0.2314453125 0.37720835208892822 0.14491289854049683
 1400 950 0.025297699496150017 2.6375300441480438 2.1813313604823712 3.3350637671722936 3.140625 5.1686487197875977 1.9513413906097412
 1400 650 0.025297699496150017 0.80250361814148952 0.66253205132093851 1.0128491043538006 0.97265625 1.5852301120758057 0.61512315273284912
 1200 0 0.085641801357269287 0.50386905005078175 0.42542992971535509 0.61790272208286268 0.611328125 0.8525693416595459 0.45436373353004456
 1100 0 0.16349099576473236 0.3138156912080361 0.26661253645799571 0.3809833903342239 0.3798828125 0.53584843873977661 0.27959668636322021
 1450 550 0.018888700753450394 0.81389361579198738 0.66626659605100513 1.0408221443076267 1.01953125 1.6616266965866089 0.64348423480987549
 1025 750 0.27277800440788269 2.0431556582418553 1.7466076998805753 2.4618182876055186 1.7265625 2.6212422847747803 1.1071197986602783
 1650 850 0.0061607197858393192 2.9238524511359518 2.3365511929367186 3.9055523399824659 3.546875 5.7806782722473145 2.2475647926330566
 875 600 0.8202589750289917 0.7805506707882115 0.67460199128041842 0.92528761495848644 0.658203125 0.97303825616836548 0.43586772680282593
 1550 50 0.010702700354158878 2.2813734856403398 1.843223974686182 2.9773804150358743 1.8984375 2.6324610710144043 1.3394303321838379
 1500 850 0.014190300367772579 1.7954160641906425 1.4594780957994073 2.3232719465592799 2.1328125 3.4760465621948242 1.3461394309997559
 1050 775 0.22936700284481049 2.3840242317732612 2.0340229077081169 2.879173839261445 1.9921875 2.968923807144165 1.2910642623901367
 950 650 0.46635198593139648 0.88666664854199995 0.76199697500986152 1.0577466808190172 0.78515625 1.2546062469482422 0.48704463243484497
 700 200 3.5250999927520752 0.02721704872507405 0.023758412159979203 0.031712848576554736 0.03369140625 0.052761349827051163 0.021982491016387939
 1050 0 0.22936700284481049 0.23550874206232086 0.20105217324890934 0.28442739712410697 0.2861328125 0.40588927268981934 0.20990611612796783
 1575 1275 0.009308929555118084 42.799457920091058 34.498079937945931 56.116804550728396 36.625 55.01959228515625 23.370960235595703
 600 250 9.2035303115844727 0.038435907535673941 0.033659932221476015 0.044590339250719618 0.045996092259883881 0.071297340095043182 0.030886780470609665
 825 500 1.2166999578475952 0.2440811651785004 0.21208812032888213 0.2879603110727646 0.2412109375 0.3969702422618866 0.15054887533187866
 625 300 7.151939868927002 0.054629105380692891 0.04784698533186333 0.063031597583744381 0.06005859375 0.096925593912601471 0.037848204374313354
 1575 1250 0.009308929555118084 27.700326679107349 22.367740125151123 36.389171783687395 23.8125 38.809486389160156 14.969470977783203
 1075 725 0.19388100504875183 0.7961693535072375 0.67664925328754444 0.96267969552510491 0.91796875 1.5034188032150269 0.56475192308425903
 1650 400 0.0061607197858393192 1.7247218663806156 1.37558181888852 2.3037643062271793 2.1484375 3.4672572612762451 1.3641148805618286
 800 0 1.4890999794006348 0.058947738002974669 0.051235275512894599 0.069388995877140383 0.06982421875 0.10294457525014877 0.049730151891708374
 1350 950 0.034018699079751968 2.8844908816298496 2.3976359180810123 3.6196592630356372 3.234375 5.32293701171875 2.0095903873443604
 1350 250 0.034018699079751968 0.39541768042331094 0.32807862818546552 0.49527272982197135 0.517578125 0.8167259693145752 0.33058232069015503
 1650 0 0.0061607197858393192 2.4157708090060384 1.930156493036211 3.2270036623812008 2.2890625 3.0281310081481934 1.7054451704025269
 1300 950 0.046052500605583191 3.4685289329835087 2.8981542912142819 4.3162508895991794 3.546875 5.8937821388244629 2.1775860786437988
 1300 1025 0.046052500605583191 11.191118958915682 9.3542693941623245 13.953249480311207 9.78125 14.10897159576416 6.9619913101196289
 1650 750 0.0061607197858393192 2.3799137542526125 1.9018739617650402 3.1791852123412916 2.9765625 4.8511857986450195 1.88242506980896
 1300 400 0.046052500605583191 0.35318992626878942 0.29574284902163933 0.44030008585686853 0.451171875 0.72812402248382568 0.2847602367401123
 1475 1150 0.016355600208044052 16.839430511133536 13.759874574332878 21.617273935756767 14.5625 23.269512176513672 9.1545581817626953
 950 600 0.46635198593139648 0.39318120868014861 0.33727253761683557 0.46913012719171526 0.427734375 0.67154473066329956 0.26587527990341187
 1150 600 0.11768700182437897 0.35711821620867956 0.30297969567929156 0.4366888501983946 0.431640625 0.70348560810089111 0.27025949954986572
 1650 300 0.0061607197858393192 1.6514638047434163 1.3178119669009087 2.205794251360953 2.0234375 3.1768052577972412 1.306283712387085
 800 350 1.4890999794006348 0.066907345055164255 0.058379699949320504 0.078954901533110314 0.08251953125 0.12889815866947174 0.051793798804283142
 1250 950 0.06270270049571991 5.9084261206567117 4.9565708717868926 7.2855433047891642 5.046875 7.8029122352600098 3.162806510925293
 1100 650 0.16349099576473236 0.43795249746405768 0.37148530656076323 0.53199047467915817 0.525390625 0.86465579271316528 0.32763558626174927
 1550 450 0.010702700354158878 1.145310622832973 0.9265249916295395 1.4941361236833497 1.44140625 2.3491964340209961 0.91519707441329956
 1650 800 0.0061607197858393192 2.6051797852246077 2.0818526843623748 3.4798544005102459 3.234375 5.2713675498962402 2.0269379615783691
 1525 1200 0.012337399646639824 20.123599306586804 16.358276969049417 26.232224047354912 18.3125 29.553638458251953 11.493932723999023
 800 250 1.4890999794006348 0.038866417921613092 0.033886397058390465 0.045741387018544917 0.05029296875 0.078759700059890747 0.031414687633514404
 1000 600 0.32538801431655884 0.33364635603005433 0.28610062559859695 0.40153001346473549 0.3857421875 0.62253028154373169 0.2382989227771759
 1400 750 0.025297699496150017 1.0420813825987536 0.86331923580134906 1.3181956550436649 1.23828125 2.008272647857666 0.77601361274719238
 1600 1050 0.008100779727101326 4.9489933488301681 3.9829007166171904 6.5346103626700609 5.703125 9.2039918899536133 3.5995669364929199
 1450 650 0.018888700753450394 0.95208973752451476 0.78209839050056684 1.2198019176589405 1.18359375 1.9290149211883545 0.74703335762023926
 850 575 0.99613702297210693 0.72709416155486872 0.63025228024337232 0.8584457744493007 0.591796875 0.8913806676864624 0.38394647836685181
 1200 700 0.085641801357269287 0.61723707881999279 0.52098862435320303 0.75918920034006754 0.708984375 1.166803240776062 0.4430178701877594
 1350 550 0.034018699079751968 0.55359003376279459 0.45957635167762034 0.69344851233721072 0.669921875 1.0918351411819458 0.42282581329345703
 1200 500 0.085641801357269287 0.28658877627647716 0.24165074700169975 0.35102272918015592 0.3525390625 0.56894534826278687 0.22250747680664062
 1300 600 0.046052500605583191 0.51186683257982146 0.42853391274350494 0.63800749252771782 0.619140625 1.0090721845626831 0.38939085602760315
 1150 875 0.11768700182437897 4.5204132698817201 3.8292265217704569 5.5066443798794946 3.953125 5.6706733703613281 2.7959780693054199
 1300 975 0.046052500605583191 5.5706517823277633 4.6671557522112641 6.9479748530131715 4.953125 7.9936037063598633 3.1261992454528809
 1550 400 0.010702700354158878 1.1268973821500254 0.91151505910051556 1.4700624489947818 1.42578125 2.3009979724884033 0.90707111358642578
 750 200 2.2658500671386719 0.030356834422990892 0.02652233607139148 0.035726721844556761 0.03759765625 0.058878608047962189 0.023861110210418701
 700 100 3.5250999927520752 0.025332581520977216 0.022264407694964253 0.029572399427912503 0.03076171875 0.046947233378887177 0.020510315895080566
 1400 500 0.025297699496150017 0.61271991321108232 0.50671767700481785 0.77644872391108799 0.771484375 1.2573611736297607 0.48692768812179565
 1050 200 0.22936700284481049 0.094688349214709019 0.080721936127320287 0.1141187172148064 0.12548828125 0.20051853358745575 0.079676710069179535
 1200 100 0.085641801357269287 0.25134012557644037 0.21221458799196133 0.30824086209173035 0.3154296875 0.47007960081100464 0.20655551552772522
 1700 950 0.0047032302245497704 4.2448972091950079 3.3663071129396167 5.7440519637436713 5.078125 8.276301383972168 3.2050938606262207
 800 200 1.4890999794006348 0.033512819793627406 0.029089079648907747 0.039406488437325284 0.04345703125 0.069440267980098724 0.027579724788665771
 1250 450 0.06270270049571991 0.31386850101098918 0.26378378657739698 0.38707451122360781 0.392578125 0.63356244564056396 0.24876679480075836
 1450 200 0.018888700753450394 0.59317142800580502 0.48586675295971971 0.76080008201543614 0.80078125 1.2508460283279419 0.52094888687133789
 1550 1250 0.010702700354158878 33.970190971132411 27.557534634010977 44.404952863081832 30.375 45.509506225585938 19.533836364746094
 1600 600 0.008100779727101326 1.642599705795289 1.3198303309863828 2.1687850928639629 2.1015625 3.3916079998016357 1.3264157772064209
 1575 1300 0.009308929555118084 56.43584042896417 45.47007989744715 74.612864098737347 50.25 71.681953430175781 36.442672729492188
 1350 400 0.034018699079751968 0.44367111021899547 0.3680204364877438 0.55677227455295664 0.55859375 0.90148687362670898 0.35396668314933777
 1650 100 0.0061607197858393192 1.6483454753653528 1.3171191944181431 2.1969210170998386 1.5703125 2.1899864673614502 1.1322202682495117
 1600 200 0.008100779727101326 1.1030875379599427 0.88755227441968232 1.4534899073515894 1.46484375 2.2764549255371094 0.96024203300476074
 1550 950 0.010702700354158878 2.9363694444327142 2.3775968886039336 3.8377355883397324 3.421875 5.522395133972168 2.1520907878875732
 1425 1100 0.021895900368690491 11.603125580107228 9.5754414724151129 14.770590975618829 9.9375 16.196084976196289 6.2471022605895996
 1100 450 0.16349099576473236 0.18251319344196992 0.15515247857537615 0.22204864384987602 0.2236328125 0.36090993881225586 0.14064748585224152
 1550 0 0.010702700354158878 2.0503187735990731 1.6601979214693598 2.6789908584602613 2.0234375 2.7090058326721191 1.5348373651504517
 1600 550 0.008100779727101326 1.5555593347923506 1.2521805227586158 2.0527211205928166 1.9765625 3.2213912010192871 1.2481092214584351
 1200 850 0.085641801357269287 1.896791773085003 1.6010512252852171 2.3268218656279651 1.9453125 3.1704602241516113 1.2042291164398193
 1650 500 0.0061607197858393192 1.8721814687440663 1.4927463727205341 2.5006740306218025 2.3828125 3.8834953308105469 1.5099277496337891
 1250 400 0.06270270049571991 0.2815660893621264 0.23648295571698089 0.34676752412108058 0.3564453125 0.57524949312210083 0.22587034106254578
 950 100 0.46635198593139648 0.073075135096525495 0.062834039003038883 0.087147636377620075 0.09228515625 0.13973814249038696 0.060469195246696472
 750 300 2.2658500671386719 0.044568614148870186 0.038888927572204086 0.051946778977562329 0.05517578125 0.088165737688541412 0.03471723198890686
 1050 750 0.22936700284481049 1.73737031792472 1.4847769157485915 2.1021146834247042 1.49609375 2.3369464874267578 0.95180332660675049
 1300 1000 0.046052500605583191 8.1866153541734938 6.8266770078866372 10.166641966976176 7.28125 10.85112476348877 4.7143802642822266
 900 600 0.67747801542282104 0.68052832360616566 0.58841588453799809 0.81051955799416575 0.576171875 0.92066872119903564 0.36800676584243774
 1350 800 0.034018699079751968 1.2484630840664772 1.0358839982837547 1.5673991031362682 1.41796875 2.3109979629516602 0.88960576057434082
 1250 100 0.06270270049571991 0.3206838538168072 0.26951948717808838 0.39548287307866864 0.396484375 0.59087401628494263 0.26158130168914795
 1000 0 0.32538801431655884 0.1747243686655266 0.14976656666275087 0.21026246515650224 0.2119140625 0.30229681730270386 0.15392677485942841
 1400 600 0.025297699496150017 0.73784368862201943 0.61068217575362704 0.93386699416114971 0.91015625 1.4688562154769897 0.57356953620910645
 1000 700 0.32538801431655884 1.2013337905941825 1.0288781323387464 1.4396257702059174 0.98046875 1.566697359085083 0.62376666069030762
 700 400 3.5250999927520752 0.16492326586371583 0.14485855747634727 0.19221743576206746 0.15478515625 0.24980011582374573 0.097790554165840149
 1650 50 0.0061607197858393192 2.8762728848333534 2.299076688050893 3.8417076076797447 2.3984375 3.1154580116271973 1.7069141864776611
 1200 600 0.085641801357269287 0.38756415940577044 0.32647044318790641 0.47453664147456853 0.466796875 0.76078307628631592 0.2940344512462616
 1300 450 0.046052500605583191 0.3694929817659397 0.30893243529464293 0.46023917751226306 0.470703125 0.75964450836181641 0.29603531956672668
 700 375 3.5250999927520752 0.097329973149687929 0.085052303397862877 0.11313031824046663 0.10166015475988388 0.16406430304050446 0.06380750983953476
 1400 100 0.025297699496150017 0.65212167953997568 0.53919339292529811 0.82425684447859471 0.748046875 1.0969113111495972 0.50880908966064453
 900 500 0.67747801542282104 0.18089385063106184 0.15657102464787787 0.21545836539700505 0.216796875 0.34814944863319397 0.13420625030994415
 725 425 2.8195700645446777 0.18153938986294568 0.15910803337858714 0.21235160299854561 0.18310546875 0.30134379863739014 0.11474965512752533
 1550 500 0.010702700354158878 1.1985406501688305 0.97029674675663535 1.569149231451872 1.5078125 2.4574248790740967 0.95546251535415649
 1650 950 0.0061607197858393192 3.6721117891134258 2.9345185358809327 4.905026043904865 4.390625 7.0858125686645508 2.776700496673584
 1250 925 0.06270270049571991 3.5797200473059201 3.0104779512023438 4.4157411334357057 3.390625 5.5800833702087402 2.1075773239135742
 1400 200 0.025297699496150017 0.47372307003015446 0.39246895268137072 0.59912214901464433 0.638671875 1.007809042930603 0.41252106428146362
 1100 350 0.16349099576473236 0.14184625505882656 0.12044793151283578 0.17197069120915809 0.17724609375 0.28604871034622192 0.11231635510921478
 1000 650 0.32538801431655884 0.56668954527565751 0.48481188385557328 0.67979693402152974 0.607421875 0.970603346824646 0.37447148561477661
 1700 250 0.0047032302245497704 1.9254219265605037 1.5270529855559567 2.6132722672177575 2.2890625 3.466097354888916 1.5005381107330322
 1275 950 0.053690601140260696 4.7659985808343093 4.0027886474257306 5.9018526301155196 4.296875 7.0030245780944824 2.6708931922912598
 1400 150 0.025297699496150017 0.54690566447088784 0.45169334941453437 0.69028524761937526 0.724609375 1.1029797792434692 0.47450214624404907
 1300 100 0.046052500605583191 0.40807808433353038 0.34048051608825747 0.50694473396932482 0.498046875 0.74223095178604126 0.33310914039611816
 1500 150 0.014190300367772579 0.87338180183768599 0.71107121732958034 1.1314033618803132 1.11328125 1.6768547296524048 0.73956012725830078
 1175 825 0.10035999864339828 1.6680279637073905 1.4067845863330342 2.0408189971403079 1.7734375 2.8620631694793701 1.095571756362915
 1650 900 0.0061607197858393192 3.2020481935133738 2.5591179726988433 4.2771466248840362 3.796875 6.1881270408630371 2.4012036323547363
 1550 250 0.010702700354158878 1.0012721157434465 0.8121360958879339 1.3089774719999461 1.26953125 1.9830484390258789 0.82747340202331543
 1100 200 0.16349099576473236 0.1226406737402195 0.10438635503636071 0.14920539881678724 0.16259765625 0.25527900457382202 0.10380189120769501
 1550 200 0.010702700354158878 0.90781948490941877 0.73440644264006405 1.1877891039227 1.19921875 1.8732180595397949 0.78313541412353516
 1500 350 0.014190300367772579 0.81549723010471631 0.66339597846264042 1.0556610273137914 1.06640625 1.7125189304351807 0.67843949794769287
 1350 900 0.034018699079751968 2.0467387304628484 1.7008245308989769 2.5678887657848102 2.4140625 3.9729166030883789 1.4944047927856445
 1600 900 0.008100779727101326 2.8578501072613216 2.2999410177141391 3.7732103513231223 3.328125 5.4241604804992676 2.1089482307434082
 1150 300 0.11768700182437897 0.15883265392960716 0.13456358011059111 0.19397437968205489 0.2080078125 0.33237701654434204 0.13128557801246643
 750 250 2.2658500671386719 0.036661912454198281 0.032102342373773372 0.043091578626247809 0.04541015625 0.070389099419116974 0.028819262981414795
 750 450 2.2658500671386719 0.22367709232226471 0.19497464850957932 0.26155288615420635 0.2041015625 0.32938942313194275 0.12946790456771851
 1550 1275 0.010702700354158878 48.039696133929539 38.885240104787684 63.790992228689404 43.375 61.528934478759766 32.117591857910156
 925 625 0.56188899278640747 0.71826543350012451 0.61860085159986367 0.85563912646918905 0.59765625 0.96452790498733521 0.38172903656959534
 1450 600 0.018888700753450394 0.88248952145538606 0.72221262500550776 1.1306316636992053 1.09765625 1.7889543771743774 0.69279336929321289
 1300 500 0.046052500605583191 0.41510141981740045 0.34634811891377854 0.5156721322761022 0.513671875 0.83717972040176392 0.32420754432678223
 1650 1200 0.0061607197858393192 11.769201379351147 9.4325665481776522 15.759978597366628 13.0625 21.497465133666992 8.1787128448486328
 1350 350 0.034018699079751968 0.41237266985876703 0.34216736383234736 0.51654654105640496 0.533203125 0.86051017045974731 0.33787727355957031
 1600 300 0.008100779727101326 1.2968517770378047 1.0417993908724898 1.7124641671128671 1.6484375 2.6340489387512207 1.0570237636566162
 925 650 0.56188899278640747 1.0359104336779514 0.89405483962847221 1.2367798096974116 0.92578125 1.3649154901504517 0.61306023597717285
 1200 200 0.085641801357269287 0.18631829501891767 0.15774182653170865 0.22879453446199879 0.2509765625 0.39603504538536072 0.16030123829841614
 1000 500 0.32538801431655884 0.16654504262242723 0.14281243642040656 0.20043211251464699 0.2099609375 0.34554088115692139 0.12997451424598694
 650 350 5.6004800796508789 0.11364868160919579 0.10001355938079817 0.13150040194107293 0.11015625298023224 0.17777574062347412 0.07025621086359024
 1200 150 0.085641801357269287 0.20691138165308995 0.17431635235890358 0.25341339163468213 0.2763671875 0.42728796601295471 0.17712363600730896
 925 600 0.56188899278640747 0.4591837808743584 0.39628331457928151 0.5477775816117969 0.455078125 0.74893981218338013 0.28345167636871338
 1150 100 0.11768700182437897 0.19653253417426036 0.16613546727984507 0.23943731367480392 0.2490234375 0.37310069799423218 0.1624583899974823
 1700 300 0.0047032302245497704 2.0903853331900324 1.659737692678761 2.8287212976681988 2.5078125 3.8173210620880127 1.6189846992492676
 1000 250 0.32538801431655884 0.079119974053806691 0.067626116772439238 0.095123921325941163 0.10302734375 0.16462805867195129 0.065590009093284607
 900 450 0.67747801542282104 0.12740365949710047 0.11011396492761275 0.15152540345492399 0.15966796875 0.25322514772415161 0.10001418739557266
 800 400 1.4890999794006348 0.0872857889321558 0.076116975160863506 0.10290329427241629 0.10791015625 0.17243033647537231 0.067183688282966614
 1250 600 0.06270270049571991 0.43252091768965528 0.36293083369554346 0.53372808374462299 0.529296875 0.86264526844024658 0.3327367901802063
 1125 825 0.13900899887084961 2.6819917584471309 2.2796774123666421 3.2710045628369055 2.3984375 3.765556812286377 1.5030674934387207
 1500 1200 0.014190300367772579 26.131076523776702 21.298766876693115 33.813527696881934 23.3125 34.928077697753906 14.876054763793945
 1600 650 0.008100779727101326 1.7358702689359637 1.3944028861585103 2.2922288937610271 2.1953125 3.5779087543487549 1.3911137580871582
 1550 100 0.010702700354158878 1.206252805958091 0.97705663272055376 1.5804608075334423 1.23046875 1.7356529235839844 0.86523902416229248
 1475 1175 0.016355600208044052 23.976512834923017 19.615990558011209 30.833601237559652 20.4375 30.457664489746094 13.092306137084961
 825 525 1.2166999578475952 0.35910843341225851 0.31257177648134749 0.42393345480374128 0.3193359375 0.52045202255249023 0.2016461044549942
 1100 700 0.16349099576473236 0.66364371392987365 0.56485339170058002 0.80716296591510173 0.751953125 1.2255293130874634 0.46549016237258911
 1200 550 0.085641801357269287 0.32505432956867286 0.27438779564799393 0.39891688069291792 0.400390625 0.65255457162857056 0.2517012357711792
 1700 100 0.0047032302245497704 1.8519469318838213 1.4687126714695495 2.5097272450158212 1.7109375 2.3724648952484131 1.2508045434951782
 1300 900 0.046052500605583191 2.2591231622017691 1.8934620144576311 2.8117748061418717 2.4609375 4.1285357475280762 1.5108802318572998
 1100 300 0.16349099576473236 0.13211191068647143 0.11223919694201964 0.16033714350436923 0.16943359375 0.27344051003456116 0.10715247690677643
 1050 350 0.22936700284481049 0.11875648262827732 0.10147920296040619 0.14355851285528093 0.14599609375 0.23561587929725647 0.092146441340446472
 1250 300 0.06270270049571991 0.25509588088075852 0.21482635658281232 0.31544829927146667 0.326171875 0.52119213342666626 0.20750804245471954
