 800 250 0.028333799913525581 5.0372036571380034 4.4245583000054785 5.8732101473031708 4.296875 6.2322854995727539 2.945709228515625
 850 400 0.01896120049059391 4.7669202890485494 4.1627409287078443 5.5880827617481454 4.421875 6.3078336715698242 3.0368342399597168
 700 450 0.0670476034283638 2.6484530298655327 2.3364867281561117 3.0625860404940797 2.2734375 3.1343293190002441 1.5932552814483643
 725 100 0.053643800318241119 6.3921543567200612 5.6334140685306746 7.4039161449677895 5.5968751907348633 7.5824103355407715 4.0017881393432617
 875 750 0.015625 13.822325353731832 11.978328719646376 16.218430382194278 12.6875 16.581615447998047 10.131453514099121
 650 150 0.1070450022816658 3.6170155602294374 3.1982654830475878 4.1455546770610852 2.859375 4.3296642303466797 1.9251129627227783
 600 500 0.17459900677204132 6.7695215040438406 5.9792440029751655 7.7989685111009246 5.609375 7.4204707145690918 4.4936800003051758
 950 600 0.0088346498087048531 6.0436450115379499 5.220755977402975 7.1708261893260605 6.28125 9.0103187561035156 4.2705330848693848
 675 625 0.084487698972225189 16.239935215477246 14.36296978082491 18.6795418319617 14.8125 19.476917266845703 11.974808692932129
 700 500 0.0670476034283638 2.8415448091898239 2.5024167779756668 3.2730801185119045 2.5078125 3.3574936389923096 1.9236792325973511
 950 100 0.0088346498087048531 13.92305414376774 12.038557027832855 16.556734485387786 13.90625 19.283048629760742 9.9251995086669922
 625 100 0.13637199997901917 4.7534327221202126 4.2173914657218603 5.4623704535448772 3.84375 5.2379932403564453 2.6547482013702393
 300 100 8.5161504745483398 2.2711888136838296 1.9923542146228561 2.6423015354078365 1.996875047683716 2.7371206283569336 1.4036871194839478
 600 250 0.17459900677204132 2.3491841924103412 2.0792153029163356 2.7047979089673637 1.9031250476837158 2.9120547771453857 1.2617466449737549
 750 650 0.043141800910234451 13.70109636434935 12.045222415492452 15.883825099105175 12.09375 15.902040481567383 9.688323974609375
 750 150 0.043141800910234451 5.1357238766284139 4.5142057322613418 5.9544381732637852 4.515625 6.6935615539550781 3.0901260375976562
 500 75 0.51848000288009644 2.8755754022476832 2.5424797872463332 3.3218184965080644 2.671875 3.257636547088623 1.9349648952484131
 375 75 2.6116199493408203 2.0548301181998712 1.8046110504136366 2.3896611323401218 1.7859375476837158 2.1917104721069336 1.2885341644287109
 725 600 0.053643800318241119 6.2905727193545147 5.5382023544071499 7.2768780975329186 5.734375 7.4943995475769043 4.6216421127319336
 650 550 0.1070450022816658 7.9688560952079577 7.0568182183737829 9.1329772024577789 6.96875 9.107635498046875 5.616279125213623
 550 150 0.29612800478935242 2.3961946208387896 2.1184275537902364 2.7622886856290996 1.9781249761581419 3.0268154144287109 1.3293696641921997
 525 400 0.39030298590660095 2.9509535620837504 2.6035157721125852 3.4136844062281142 2.3359375 3.0715181827545166 1.8520759344100952
 350 150 3.7866098880767822 1.9879155945835185 1.7509790435613231 2.3009799161814377 1.4390624761581421 2.1331384181976318 0.98300951719284058
 900 500 0.01288949977606535 5.0364422187151847 4.3723779635980042 5.9393978667399079 5.078125 7.2439789772033691 3.4750552177429199
 600 350 0.17459900677204132 1.969936582222356 1.7436915152656673 2.2753248174976441 1.5515625476837158 2.3370060920715332 1.0363833904266357
 900 250 0.01288949977606535 7.4515010936730128 6.453414858518733 8.7879740453370676 6.84375 10.035449028015137 4.7433509826660156
 850 450 0.01896120049059391 4.4505881689938693 3.8747076207048972 5.2095049042275692 4.203125 5.8952622413635254 2.8866019248962402
 800 600 0.028333799913525581 3.8469099466491596 3.3752738783244625 4.4901002228649389 3.671875 4.9159564971923828 2.8484261035919189
 775 75 0.034879598766565323 7.1564700707757076 6.2806755814402386 8.3187757416315353 6.65625 8.8053503036499023 5.2401108741760254
 600 450 0.17459900677204132 2.7948661274028366 2.4688080972241622 3.2198402033227222 2.3515625 3.1108102798461914 1.853699803352356
 850 100 0.01896120049059391 9.3396059404258125 8.136905618548516 10.969427489468337 8.953125 12.200691223144531 6.4114928245544434
 950 700 0.0088346498087048531 6.4581827136289585 5.5957747069798502 7.6658312447397634 6.71875 9.3165292739868164 4.6926984786987305
 675 75 0.084487698972225189 5.1483793237858269 4.55735326263631 5.9257613526998378 4.7718749046325684 6.3125677108764648 3.7224206924438477
 925 75 0.010663099586963654 12.462143473754256 10.793004081971638 14.720802634426228 12.34375 16.525979995727539 9.3875865936279297
 725 75 0.053643800318241119 5.6955974860522955 5.0227823403819185 6.5894417480645782 5.3718748092651367 7.1062893867492676 4.1904654502868652
 400 125 1.8353699445724487 1.6873646519353303 1.4838814490179661 1.9585164295739554 1.5890624523162842 2.1907992362976074 1.0679059028625488
 800 150 0.028333799913525581 6.6377204108269456 5.8127611362967917 7.7331762838915186 5.796875 8.5234527587890625 4.0037055015563965
 925 850 0.010663099586963654 35.176977709260512 30.460190379456808 41.60333869693072 34.125 45.142921447753906 27.584409713745117
 700 625 0.0670476034283638 10.105612419889461 8.9154267803715808 11.656859828379654 9.28125 12.129899978637695 7.5261454582214355
 800 200 0.028333799913525581 5.4044126026731423 4.7325437449782042 6.2869545227416115 4.6875 6.9857029914855957 3.1962275505065918
 800 125 0.028333799913525581 7.7852638667832625 6.8352077384214711 9.0875497292579031 7.03125 9.8059091567993164 4.933011531829834
 500 200 0.51848000288009644 1.8444335096400029 1.6267108619308506 2.1260926579541506 1.3640625476837158 2.0763373374938965 0.90435540676116943
 450 375 0.9483330249786377 3.1076273688069942 2.7333865499740058 3.6552164471091162 2.3718750476837158 3.1187722682952881 1.8619667291641235
 850 200 0.01896120049059391 6.5389145152222019 5.6971407460711747 7.660918150395819 5.875 8.6617422103881836 4.0576639175415039
 825 700 0.023086600005626678 10.229708867530627 8.9395702559673094 11.98108848175346 9.46875 12.450434684753418 7.6539158821105957
 650 100 0.1070450022816658 4.8912684766351191 4.3322932300169965 5.6178666872177541 4.1437501907348633 5.8450183868408203 2.8356449604034424
 650 125 0.1070450022816658 4.4666801560062526 3.958733451331907 5.1347198939496437 3.7359375953674316 5.3889060020446777 2.5565712451934814
 900 800 0.01288949977606535 32.229278267493775 27.927794570832958 37.9950379914929 28.90625 38.469638824462891 22.843242645263672
 400 75 1.8353699445724487 2.2093210403093497 1.9440667212913145 2.5596191056861817 2.1468749046325684 2.5490791797637939 1.8279688358306885
 550 300 0.29612800478935242 1.8830962409901164 1.6621616695947232 2.1712008979950417 1.34765625 2.0513641834259033 0.89683008193969727
 675 575 0.084487698972225189 9.4217550594936998 8.3497848015160336 10.861419596318147 8.28125 10.822975158691406 6.6840362548828125
 700 650 0.0670476034283638 19.368920164281466 17.087686362502239 22.420185962603391 17.8125 23.421609878540039 14.312024116516113
 900 450 0.01288949977606535 5.3523680582466699 4.6380833793154812 6.2991509824438161 5.203125 7.4637718200683594 3.5605950355529785
 650 350 0.1070450022816658 2.1875699308237131 1.9387977904373668 2.5167930293871215 1.8234374523162842 2.7319748401641846 1.2343733310699463
 650 300 0.1070450022816658 2.5766190357232777 2.2825446976793069 2.9579888075522369 2.109375 3.1603822708129883 1.3984876871109009
 525 100 0.39030298590660095 3.0943602162503185 2.7261780276398144 3.5730283001125143 2.6179687976837158 3.4423604011535645 1.8043874502182007
 450 125 0.9483330249786377 2.1048237564158327 1.8563215950235459 2.4287320036649129 1.7484375238418579 2.4802188873291016 1.1878975629806519
 950 300 0.0088346498087048531 8.3652490288525989 7.2311772985333569 9.9453070919231017 8.09375 11.80388355255127 5.6293525695800781
 375 300 2.6116199493408203 2.5334791229208089 2.2252965390862687 2.9406821529107532 2.0718750953674316 2.7243032455444336 1.5915273427963257
 600 150 0.17459900677204132 3.0764746419134865 2.724267842454605 3.5518616941111572 2.5968749523162842 3.9321868419647217 1.7420016527175903
 450 100 0.9483330249786377 2.0085203942543464 1.7711029135126251 2.317132659368486 1.8515625 2.537940502166748 1.2465895414352417
 375 125 2.6116199493408203 1.7571119610437993 1.5448551865079283 2.0388420479421097 1.3171875476837158 1.9839839935302734 0.87983006238937378
 850 500 0.01896120049059391 4.1545843579507311 3.6224807631105072 4.8794070291436009 4.046875 5.7083697319030762 2.774322509765625
 900 400 0.01288949977606535 5.6839654673872326 4.934457487625191 6.7030325597185021 5.546875 7.956873893737793 3.802642822265625
 475 400 0.6970750093460083 3.6456273742168199 3.2148025813236338 4.2092321428781734 3.11328125 4.0440068244934082 2.5097315311431885
 725 625 0.053643800318241119 12.095372707364163 10.648894458217212 13.998643489991291 10.90625 14.34060001373291 8.8158969879150391
 625 125 0.13637199997901917 4.3352873001793331 3.8522895156732631 4.9807655610265513 3.5718750953674316 5.0668282508850098 2.460024356842041
 850 550 0.01896120049059391 4.1920712317779962 3.6547395140316508 4.9146117599977375 4.109375 5.7310094833374023 2.8640403747558594
 650 200 0.1070450022816658 3.1347951186151941 2.7721419818521738 3.5977561547558157 2.5968749523162842 3.9218356609344482 1.7346115112304688
 900 700 0.01288949977606535 6.1737014667383807 5.3690176303014008 7.2951464105322472 5.984375 8.011962890625 4.5774955749511719
 425 125 1.3116899728775024 2.0604785518500282 1.8182682151033982 2.3852283183295437 1.921875 2.4044976234436035 1.2924034595489502
 500 150 0.51848000288009644 2.1470977231032631 1.893419328509377 2.4743119770274271 1.7015625238418579 2.6036350727081299 1.1351495981216431
 700 150 0.0670476034283638 4.3648643724546785 3.847909220661085 5.0360425748190902 3.6281249523162842 5.4647812843322754 2.4471406936645508
 700 200 0.0670476034283638 3.6357534996415621 3.2260637098845915 4.2172459626944558 3.1453125476837158 4.7124814987182617 2.1292147636413574
 850 700 0.01896120049059391 7.9429069674724682 6.9213125604708017 9.3083917075413218 7.40625 9.7384586334228516 5.9510149955749512
 875 800 0.015625 25.946645474652307 22.615117546440501 30.521615065518361 24.5625 32.49298095703125 19.674812316894531
 950 875 0.0088346498087048531 39.533993844548533 34.153087914742066 46.889204884570354 38.375 50.765117645263672 30.551971435546875
 700 100 0.0670476034283638 6.1973182921006833 5.4770130276699556 7.1509004691942932 4.9968748092651367 6.8890619277954102 3.484987735748291
 450 250 0.9483330249786377 1.368066444628272 1.2055959314961391 1.5806124812882103 1.0804687738418579 1.5671366453170776 0.70558720827102661
 875 100 0.015625 10.894943953755069 9.4773890775934859 12.842999691017335 10.15625 13.840225219726562 7.2730722427368164
 475 350 0.6970750093460083 2.5120526314618226 2.2153478289419892 2.9030934731408244 1.921875 2.5270683765411377 1.456479549407959
 700 600 0.0670476034283638 11.091461059642825 9.7858881546232848 12.799586330269308 9.78125 12.861339569091797 7.8121943473815918
 750 200 0.043141800910234451 4.6999510328712333 4.1397140010753528 5.449468462834159 3.9765625 5.8628015518188477 2.7016973495483398
 850 350 0.01896120049059391 5.1693580659619913 4.5044822215242357 6.0711633878451696 4.7265625 6.7424726486206055 3.2460858821868896
 800 700 0.028333799913525581 18.035024915084229 15.79463856430967 21.00865948475985 16.4375 21.613626480102539 13.128479957580566
 950 250 0.0088346498087048531 9.4471844500931823 8.1500793172465595 11.216985074883238 9.28125 13.535727500915527 6.4375076293945312
 375 250 2.6116199493408203 1.7258600927229704 1.5157792820857601 2.0067299950463462 1.3546874523162842 1.7704752683639526 0.90374165773391724
 575 75 0.22611799836158752 3.877738987293156 3.4281464764086671 4.4700436575324272 3.3843750953674316 4.3152031898498535 2.4909260272979736
 900 125 0.01288949977606535 11.378598224225751 9.8838174047507543 13.395433847046673 10.84375 15.209339141845703 7.6604170799255371
 525 75 0.39030298590660095 3.1646197023135523 2.7912695013248534 3.6563770285914305 2.8781249523162842 3.4861583709716797 2.1215279102325439
 475 75 0.6970750093460083 2.6295182524734879 2.3144301260073132 3.0292428184611957 2.5031249523162842 3.0518908500671387 1.8423192501068115
 400 150 1.8353699445724487 1.8840611982114692 1.6604444184888061 2.1884825200108033 1.6078125238418579 2.3063728809356689 1.1153684854507446
 550 400 0.29612800478935242 2.606342811833219 2.3008191909438724 2.9992820493248864 1.9921875 2.6830496788024902 1.4763575792312622
 450 75 0.9483330249786377 2.3304546583721084 2.0531219613710068 2.6883196784977827 2.0718750953674316 2.6417171955108643 1.4158940315246582
 700 550 0.0670476034283638 3.8843752532133928 3.4272939005011991 4.4823161570826784 3.515625 4.5666322708129883 2.8248488903045654
 750 450 0.043141800910234451 2.9270381958005944 2.5745886640364275 3.3930839223211473 2.7265625 3.835118293762207 1.8725354671478271
 525 475 0.39030298590660095 7.8687249432616753 6.9424303646768006 9.0807294359272248 6.953125 9.1980772018432617 5.569523811340332
 750 250 0.043141800910234451 3.9355218195039821 3.4516203498863156 4.561742182495033 3.390625 4.9448704719543457 2.3202676773071289
 500 250 0.51848000288009644 1.5627725116372404 1.3758816102527902 1.8037008506055092 1.2796875238418579 1.8254827260971069 0.84841585159301758
 600 525 0.17459900677204132 5.6863513193623367 5.022761501748624 6.5519989256138604 5.234375 6.7992081642150879 4.270421028137207
 650 450 0.1070450022816658 2.5182122173663517 2.230829154580376 2.8923324276011133 2.0859375 2.8425693511962891 1.5153093338012695
 575 450 0.22611799836158752 3.2839458637715713 2.8991718030987852 3.7860070227058951 2.7890625 3.6673309803009033 2.2221512794494629
 675 100 0.084487698972225189 5.4814233912608241 4.8500595220500262 6.3084302593052399 4.6218748092651367 6.4457507133483887 3.1990840435028076
 850 750 0.01896120049059391 25.755355113962619 22.449075938013401 30.143228179153759 22.6875 30.012601852416992 18.065601348876953
 550 100 0.29612800478935242 3.4344702018122617 3.0271759757219936 3.9630817565447338 2.8968749046325684 3.8783755302429199 1.946802020072937
 925 825 0.010663099586963654 38.67445257176837 33.500495425981924 45.783362480936994 34.625 46.080387115478516 27.464996337890625
 700 125 0.0670476034283638 5.2152764273343575 4.6065317133514787 6.0242719896218437 4.5 6.4551539421081543 3.1243743896484375
 350 100 3.7866098880767822 2.5028243577449629 2.2007034544077952 2.9006459891807976 2.203125 2.7212483882904053 1.6106250286102295
 950 150 0.0088346498087048531 11.971710188813093 10.347154680568298 14.203272713480384 10.953125 16.061300277709961 7.6048140525817871
 650 75 0.1070450022816658 5.1863690991691405 4.5895055131686675 5.9517058782504781 4.4625000953674316 5.9033050537109375 3.4037322998046875
 475 100 0.6970750093460083 2.4053204223611906 2.1216690820618891 2.7737477561426878 1.9593750238418579 2.7638206481933594 1.326396107673645
 425 75 1.3116899728775024 2.0604171446420789 1.8151782801569485 2.3818645494210053 2.0343749523162842 2.4641575813293457 1.5476969480514526
 850 75 0.01896120049059391 9.1979780010167467 8.0213238650535779 10.76724712028749 9.03125 12.019163131713867 6.9667792320251465
 700 350 0.0670476034283638 2.6628328725569035 2.3506712882580909 3.0745537681240349 2.296875 3.3314399719238281 1.5689728260040283
 725 125 0.053643800318241119 5.8781659721595609 5.1860746768805734 6.8156806183228813 5.0437498092651367 7.2351512908935547 3.5298399925231934
 825 725 0.023086600005626678 20.812241779148717 18.182651861795556 24.326453541409503 18.8125 24.736507415771484 15.116080284118652
 600 300 0.17459900677204132 2.1881143305879611 1.9318943972147236 2.5201190620783622 1.6921875476837158 2.5623095035552979 1.1324198246002197
 800 300 0.028333799913525581 4.4394824991153143 3.8889823442570384 5.1724075848475861 3.890625 5.612034797668457 2.6719846725463867
 900 100 0.01288949977606535 11.346972993607666 9.8527813625436345 13.362220308675104 11.15625 15.380832672119141 7.9891901016235352
 825 750 0.023086600005626678 21.267980175333008 18.551719341554005 24.816272832488863 19.5625 25.644702911376953 15.766474723815918
 875 825 0.015625 59.731371855933325 51.965233875468272 70.220714698030761 55.25 73.969451904296875 43.728061676025391
 400 100 1.8353699445724487 2.0880931005952572 1.8361269993563618 2.4175217138289491 1.8328125476837158 2.3661262989044189 1.2258416414260864
 750 300 0.043141800910234451 3.5707194426762969 3.1340834768973127 4.1378456194135671 3.0703125 4.428774356842041 2.0859863758087158
 800 75 0.028333799913525581 7.8726881642357149 6.8944809311836588 9.1737971811346188 7.28125 9.690190315246582 5.6483683586120605
 850 250 0.01896120049059391 6.0470161937686475 5.2821710604636856 7.1087515675667881 5.4765625 7.943331241607666 3.7851924896240234
 900 150 0.01288949977606535 9.3815687258537288 8.1591826015503202 11.081040711871591 8.703125 12.692593574523926 6.0531845092773438
 900 300 0.01288949977606535 6.8644099257377409 5.9437922421914671 8.0943891791343923 6.53125 9.4210062026977539 4.5346822738647461
 850 300 0.01896120049059391 5.6254336826720017 4.9028762548780183 6.5823335028543806 5.125 7.3517031669616699 3.532313346862793
 750 75 0.043141800910234451 6.8683782201486849 6.0447868217899465 7.9675556008532791 6.203125 8.1564731597900391 4.8695707321166992
 500 125 0.51848000288009644 2.8132436144880022 2.4773269070099415 3.2454217988264817 2.4468750953674316 3.2954163551330566 1.6721644401550293
 500 400 0.51848000288009644 4.2414777766669864 3.7405400872882923 4.8961183561239228 3.296875 4.3087692260742188 2.6027987003326416
 900 350 0.01288949977606535 6.2712322176260811 5.4506070488322216 7.4053029941158552 6.046875 8.6018037796020508 4.1646080017089844
 875 75 0.015625 11.129018841968053 9.6828649497408872 13.087489008442704 10.34375 13.683430671691895 7.9817776679992676
 700 75 0.0670476034283638 5.8647026798738287 5.1665659860358621 6.7677761033226069 5.1609373092651367 6.7861027717590332 4.0035538673400879
 450 200 0.9483330249786377 1.5876980520982475 1.40200878575397 1.8374649731193395 1.4296875 1.9824706315994263 0.9478638768196106
 600 125 0.17459900677204132 3.880980153693836 3.4264510995503734 4.4724134564161959 3.0714843273162842 4.5039234161376953 2.064145565032959
 500 350 0.51848000288009644 2.1689890016954352 1.9122419137979827 2.5072640126353294 1.7203124761581421 2.2483198642730713 1.2268277406692505
 900 600 0.01288949977606535 5.1349044146253409 4.4569541809133897 6.0552438291572281 5.109375 7.084895133972168 3.5609931945800781
 750 400 0.043141800910234451 3.1940649466508582 2.8145010096073904 3.7102767627554321 2.8984375 4.0422139167785645 2.005368709564209
 775 650 0.034879598766565323 7.4747225973439368 6.5592327692957522 8.688293514641197 6.9375 9.0667943954467773 5.6078195571899414
 400 325 1.8353699445724487 2.6489069292013512 2.3238354532048171 3.0725187875063691 2.1468749046325684 2.7715749740600586 1.7306754589080811
 575 125 0.22611799836158752 3.7432748832644656 3.3051715208999988 4.3108294655245265 2.859375 4.0789170265197754 1.9216006994247437
 850 150 0.01896120049059391 7.4006706710463073 6.4675737594167417 8.6938549203251263 6.78125 9.9978618621826172 4.6835803985595703
 600 100 0.17459900677204132 4.1871877229177237 3.7058816955463714 4.827145729111944 3.609375 4.8035063743591309 2.4928731918334961
 325 100 5.6047101020812988 1.6769598348324259 1.4759437183666082 1.9453161988721934 1.6640625 2.0952091217041016 1.1713769435882568
 525 125 0.39030298590660095 3.1328342448122877 2.7626728765563402 3.6143439616189643 2.5031249523162842 3.3711729049682617 1.7067854404449463
 325 125 5.6047101020812988 2.3906189543060936 2.1033407365756678 2.7838072562296854 1.7671874761581421 2.4645519256591797 1.2033867835998535
 400 250 1.8353699445724487 1.6006975438548223 1.4056748634605036 1.852330406626326 1.3921874761581421 1.7417945861816406 0.97778779268264771
 550 125 0.29612800478935242 3.1653626070884693 2.7922409710840341 3.6551307047877879 2.7093749046325684 3.7137455940246582 1.8341073989868164
 900 75 0.01288949977606535 11.477393212378839 9.967841094956789 13.520798344368766 11.15625 14.936140060424805 8.4347686767578125
 650 250 0.1070450022816658 2.6952285217399594 2.3869868660719957 3.0889359179425515 2.203125 3.3359708786010742 1.4788126945495605
 625 500 0.13637199997901917 3.9345511582219332 3.4950067421993567 4.5121588893085098 3.515625 4.5666322708129883 2.8248488903045654
 550 75 0.29612800478935242 3.5921057797946494 3.1644224041880253 4.1359820418336151 3.3093750476837158 4.0348973274230957 2.4919285774230957
 800 400 0.028333799913525581 3.6842969782270809 3.2273530871570122 4.2838291708095619 3.328125 4.7343263626098633 2.2774977684020996
 675 600 0.084487698972225189 8.99923334465071 7.9575786399664574 10.350430854872354 8.21875 10.937853813171387 6.562985897064209
 550 350 0.29612800478935242 1.7700699533554687 1.5659920803838485 2.0458539691601869 1.3828125 2.0166866779327393 0.91506671905517578
 925 800 0.010663099586963654 18.451491480920133 15.971525889646083 21.825819270881297 16.8125 22.240743637084961 13.42798900604248
 800 650 0.028333799913525581 5.9858863428388247 5.2430717975418233 6.9753584353478697 5.578125 7.2901926040649414 4.4955415725708008
 850 600 0.01896120049059391 4.5298271916067137 3.9413584654213869 5.3097457218851885 4.328125 5.8980655670166016 3.1758911609649658
 550 475 0.29612800478935242 4.419461545416949 3.9016902442814425 5.0949747348753318 4.015625 5.2481217384338379 3.2558326721191406
 750 125 0.043141800910234451 6.7362143673411614 5.907146694978529 7.8062831638477599 5.765625 8.2247018814086914 3.9849815368652344
 950 550 0.0088346498087048531 6.1743811069833727 5.3357140087950006 7.3259444952736352 6.34375 9.0999736785888672 4.328707218170166
 950 750 0.0088346498087048531 7.8863484581758634 6.8166877403970956 9.3563656787560276 7.78125 10.479676246643066 5.9543137550354004
 800 100 0.028333799913525581 8.0630448621126796 7.057377802435548 9.3899383607858091 7.34375 9.9490022659301758 5.2768635749816895
 825 100 0.023086600005626678 9.2570528395858585 8.0996550870795616 10.816777948257229 8.34375 11.303760528564453 6.0595822334289551
 925 100 0.010663099586963654 12.410539883455293 10.748855835313012 14.655463166901296 12.4375 17.147258758544922 8.8918180465698242
 825 75 0.023086600005626678 9.0070759924348689 7.8723118242995618 10.511011590724131 8.34375 10.971175193786621 6.5390524864196777
 925 125 0.010663099586963654 12.548907138338766 10.865823045393729 14.874709594520841 12.09375 16.962575912475586 8.5581331253051758
 525 450 0.39030298590660095 3.9305688283115829 3.4673020358594444 4.5359665337327861 3.453125 4.5129766464233398 2.8079297542572021
 750 500 0.043141800910234451 3.1556214404090528 2.7750590968102293 3.6511152242068343 2.8671875 3.8843445777893066 2.0751628875732422
 700 300 0.0670476034283638 2.7353236992554821 2.4129691805329179 3.1570168468981579 2.3250000476837158 3.4093034267425537 1.573905348777771
 900 650 0.01288949977606535 5.4491057763122823 4.7304871650428861 6.4263667849806581 5.515625 7.5163068771362305 4.0124540328979492
 550 200 0.29612800478935242 2.075970302723249 1.832582057611801 2.398636765932638 1.6171875 2.4874215126037598 1.0721738338470459
 350 75 3.7866098880767822 2.4028535888431266 2.117825203397925 2.7938404876726612 2.1281249523162842 2.6116445064544678 1.6447701454162598
 500 100 0.51848000288009644 2.8820534486172185 2.5410598954510282 3.326018638515194 2.5218749046325684 3.2757976055145264 1.7195703983306885
 425 100 1.3116899728775024 2.3114626885840446 2.0321142030517385 2.6680211766410382 2.1468749046325684 2.6517693996429443 1.5294222831726074
 800 450 0.028333799913525581 3.6627875737322615 3.205920603824953 4.2672814081805628 3.328125 4.6945281028747559 2.2856736183166504
 775 700 0.034879598766565323 15.34266074882199 13.433361240409853 17.795755526344873 14.0625 18.266529083251953 11.43801212310791
 600 75 0.17459900677204132 4.2767707018339918 3.7858874246454586 4.9266788799491499 3.7687499523162842 4.7752504348754883 2.8419167995452881
 475 375 0.6970750093460083 4.3624685596702415 4.0159187213597107 5.4631834350156474 3.0714843273162842 4.0386867523193359 2.2914278507232666
 950 400 0.0088346498087048531 7.4799760402923976 6.4680050233433635 8.895899166765691 7.28125 10.444797515869141 5.0184698104858398
 475 125 0.6970750093460083 2.1938200771329015 1.9375346879226196 2.5372165856810351 1.7953125238418579 2.5753374099731445 1.2109236717224121
 950 500 0.0088346498087048531 6.48883746340295 5.6071651724119844 7.6988945624991372 6.46875 9.4339923858642578 4.4520530700683594
 700 250 0.0670476034283638 3.3812801180621821 2.9873292434497798 3.9089359588100208 2.771484375 4.1302967071533203 1.8727480173110962
 575 475 0.22611799836158752 5.9761671162452643 5.2888811159647204 6.9072689381984871 5.078125 6.6367301940917969 4.055851936340332
 950 450 0.0088346498087048531 6.8240521001463748 5.8999584021274698 8.118500461989747 6.84375 9.9263315200805664 4.7001180648803711
 775 100 0.034879598766565323 7.7674270637518879 6.8122628252134181 9.0422379241216486 6.953125 9.3089389801025391 5.1150074005126953
 900 200 0.01288949977606535 8.3228268197203761 7.2097808617035151 9.815395565390773 7.65625 11.226872444152832 5.3436384201049805
 650 400 0.1070450022816658 2.2416275754890784 1.9853640831964989 2.5732850057776511 1.8359375 2.6043407917022705 1.2518558502197266
 425 350 1.3116899728775024 3.0408837842371499 2.6795010825605194 3.5448899875316582 2.5031249523162842 3.3312625885009766 1.9619830846786499
 600 400 0.17459900677204132 2.1615173488962904 1.9094343249076458 2.4905554913861483 1.7734375 2.4732682704925537 1.2076427936553955
 800 500 0.028333799913525581 3.6419307621596904 3.1966855039583715 4.244624976713542 3.390625 4.6745667457580566 2.3922333717346191
 500 300 0.51848000288009644 1.4844450972352967 1.3104433752071656 1.7141638370615968 1.2234375476837158 1.7159817218780518 0.80503708124160767
 575 525 0.22611799836158752 9.7037854630803331 8.5674588679916717 11.18843437964116 8.78125 11.40643310546875 7.1641097068786621
 900 825 0.01288949977606535 32.100243991759477 27.903874666571944 37.930828179578057 30.375 39.697856903076172 24.405767440795898
 675 125 0.084487698972225189 4.9027683645180877 4.3386844793964556 5.6433111198804937 4.1624999046325684 6.0042009353637695 2.8748979568481445
 950 75 0.0088346498087048531 13.202898736248862 11.410361947072566 15.667314427242284 13.90625 18.728738784790039 10.420988082885742
 900 550 0.01288949977606535 5.1135343551092403 4.4402653746520686 6.0301189858971131 5.109375 7.1663599014282227 3.5288724899291992
 350 125 3.7866098880767822 2.026918234551653 1.7876547289154194 2.3483796730118236 1.4015624523162842 2.0663783550262451 0.94189935922622681
 375 100 2.6116199493408203 2.0667957034743627 1.8152155434734363 2.3960024825840089 1.7015625238418579 2.2238152027130127 1.0782369375228882
 750 350 0.043141800910234451 3.159238336539266 2.7737522489175395 3.6628650208090918 2.8359375 4.1359167098999023 1.926750659942627
 750 600 0.043141800910234451 4.8159882540435985 4.2340590618423573 5.5835223909362615 4.421875 5.7790603637695312 3.5636928081512451
 600 200 0.17459900677204132 2.4521235824081264 2.1707338079166529 2.8267499872518429 2.109375 3.2276468276977539 1.4175742864608765
 950 125 0.0088346498087048531 13.757136189001246 11.890455820190443 16.284203740104079 13.3125 18.99036979675293 9.4367294311523438
 500 425 0.51848000288009644 3.9533111656572526 3.4867795135411477 4.5634473518602006 3.4765625 4.5158920288085938 2.8272533416748047
 750 550 0.043141800910234451 3.3337070456737212 2.9309340949593672 3.8584217120474569 2.9609375 3.9641435146331787 2.255220890045166
 400 200 1.8353699445724487 1.5608609943728204 1.3755522735749586 1.8111758467337902 1.2796875238418579 1.8356844186782837 0.85999506711959839
 900 750 0.01288949977606535 10.158662701452736 8.8182428790446288 12.007971751987213 9.53125 12.608599662780762 7.6240110397338867
 625 75 0.13637199997901917 5.0598275907135424 4.4845665663531875 5.8002495088149049 4.3687500953674316 5.6051459312438965 3.370089054107666
 425 300 1.3116899728775024 2.1171556402729372 1.8683921115835704 2.4484832437230155 1.3453124761581421 1.9727218151092529 0.92263400554656982
 625 525 0.13637199997901917 7.4752558407552208 6.6271712019848126 8.571221584555234 6.40625 8.4235610961914062 5.1166129112243652
 700 400 0.0670476034283638 2.6902980473479268 2.3739438446973002 3.1039473557507713 2.2734375 3.2249495983123779 1.5417927503585815
 800 350 0.028333799913525581 3.9180578709218308 3.4228464403343115 4.5536714562443095 3.546875 5.1161923408508301 2.427192211151123
 750 675 0.043141800910234451 12.839669271150495 11.29002266871108 14.890322510466261 12.15625 15.887310981750488 9.8875255584716797
 750 100 0.043141800910234451 7.1140995061024981 6.2436975473121619 8.2469538889241569 6.109375 8.3741321563720703 4.3311252593994141
 950 650 0.0088346498087048531 6.3504958931008648 5.4984628070971917 7.5348254247587789 6.53125 9.2127361297607422 4.4663162231445312
 825 125 0.023086600005626678 8.0490592522312614 7.0282093737522073 9.4182333069496504 7.494140625 10.570953369140625 5.2668590545654297
 850 125 0.01896120049059391 9.0083186348710722 7.838911291211053 10.565704302122935 8.453125 11.856271743774414 5.9770107269287109
 650 500 0.1070450022816658 3.1930070200731464 2.8277107416755869 3.66662967128799 2.8359375 3.7289667129516602 2.2728261947631836
 725 650 0.053643800318241119 10.399740509893906 9.1563887259114374 12.034021807139421 9.78125 12.783363342285156 7.955772876739502
 875 125 0.015625 10.276349449430047 8.9436141733366785 12.088814582875678 9.453125 13.334222793579102 6.6665620803833008
 850 650 0.01896120049059391 5.0018199019364866 4.3603634167520982 5.8637935613801009 4.703125 6.2966079711914062 3.6076476573944092
 450 150 0.9483330249786377 1.720215580734022 1.5157084524465683 1.988678986065938 1.3640625476837158 2.1633327007293701 0.87810903787612915
 650 575 0.1070450022816658 7.5636246152907836 6.7072558272747393 8.6970953678357752 6.953125 9.1980772018432617 5.6038990020751953
 550 450 0.29612800478935242 5.2376148520654153 4.6129069968199463 6.0385122136378602 4.328125 5.6565361022949219 3.4672682285308838
 575 100 0.22611799836158752 3.6869780368091196 3.254001030470302 4.242249005416439 3.2859375476837158 4.3468666076660156 2.2324831485748291
 675 550 0.084487698972225189 4.7551443277046141 4.1969283776900594 5.4700574664548025 4.296875 5.5814394950866699 3.4836709499359131
 350 200 3.7866098880767822 1.4966052921746287 1.3183407510740004 1.7341813282843399 1.0265624523162842 1.4807658195495605 0.69949603080749512
 800 550 0.028333799913525581 3.7492948789935352 3.2834628251959326 4.3785041352308198 3.515625 4.7628202438354492 2.5796949863433838
 775 125 0.034879598766565323 7.1374059142005484 6.2529733698075685 8.2957072064155213 6.1875 8.67852783203125 4.3185324668884277
 950 350 0.0088346498087048531 7.7306975069750425 6.6821998648122962 9.1703343996193514 7.59375 11.014148712158203 5.2670516967773438
 450 300 0.9483330249786377 1.8570956198798136 1.6333880973105679 2.1416923290636904 1.5140625238418579 1.9666963815689087 1.0310184955596924
 950 200 0.0088346498087048531 10.282183485802577 8.8829659512340768 12.198996551830325 9.84375 14.434550285339355 6.8465099334716797
 550 250 0.29612800478935242 1.9057425432332509 1.6860042847439016 2.1993170588410491 1.5796874761581421 2.3541817665100098 1.0616055727005005
 950 800 0.0088346498087048531 13.82040938823906 11.945647614854408 16.368053282547766 13.0625 17.175848007202148 10.369914054870605
 575 500 0.22611799836158752 5.2515828362529922 4.6362722123544566 6.0552679481007967 4.796875 6.2309160232543945 3.877918004989624
